0.0004252,0.0004813,0.0002275,0.0001462,0.00025,0.0003905,0.0004133,0.0003793,0.0002724,0.0001269,0.0001013,0.0002304,0.0001737,0.0002069,0.0001131,0.0004678,0.0001774,0.0003523,0.0001732,0.0004296,0.000385,0.0004173,0.00045,0.0007162,0.0003762,0.0003535,0.0006719,0.0006688,0.0011,0.00073,0.0002221,0.0003105,0.0002882,0.000236,0.0001618,0.0001763,0.00012,0.0001784,0.0001872,0.0001153,5.255e-05,0.0002868,0.0001571,5.324e-05,8.695e-05,0.0003606,0.0001475,0.0001324,0.0001469,0.0002465,0.0004755,0.0008014,0.0006507,0.0005418,0.0001447,0.0006316,0.0008133,0.00073,0.000833
0.0004813,0.0007848,0.0003321,0.0005981,0.0005288,0.0005846,0.0005461,0.0003246,0.0003779,0.0001487,0.0001687,0.0002213,0.0001172,7.969e-05,0.0001623,0.0004095,0.0003575,0.0004959,0.0003419,0.0004693,0.0007371,0.0006164,0.0008871,0.00153,0.0006249,0.0004574,0.0008617,0.0009373,0.001345,0.0009063,0.000331,0.0004776,0.0002997,0.0003297,0.0002712,0.0002135,7.865e-05,8.678e-05,5.86e-05,8.488e-05,9.525e-05,0.0002251,0.0001639,5.739e-05,0.0005195,0.0005091,0.0001253,0.0003333,0.0009162,0.000419,0.0007516,0.000917,0.001277,0.001048,0.0009971,0.001181,0.001096,0.0009442,0.0008374
0.0002275,0.0003321,0.0001781,0.0002671,0.0004201,0.0004721,0.0006828,0.0004489,0.0003959,0.0001354,0.0001718,0.0002558,0.0002709,0.0001188,9.404e-05,0.0002377,0.0003335,0.0004664,0.0005163,0.0005459,0.0006175,0.0004121,0.0006297,0.0004615,0.000187,0.000259,0.0004308,0.0006137,0.000935,0.0007245,0.0004863,0.0004387,0.0004462,0.0003675,0.0003008,0.0001723,0.000154,0.0002149,0.0001201,1.625e-05,0.0001144,0.0001093,7.952e-06,2.731e-05,0.0001412,0.0001908,0.0001058,0.0001412,0.0004211,0.0002363,0.0008291,0.00102,0.0009125,0.00117,0.0005933,0.0009568,0.0009627,0.0006144,0.0004555
0.0001462,0.0005981,0.0002671,0.0002586,0.000381,0.0002693,0.0002372,8.418e-05,0.0001516,0.0003281,9.006e-05,0.0003341,0.0001398,9.94e-05,3.302e-05,0.0001919,0.0004688,0.0005696,0.0004769,0.000516,0.0007756,0.0003454,0.0002887,0.0006617,0.0002593,0.0003042,0.0005964,0.0006268,0.001244,0.0007272,0.0003922,0.0005416,0.000447,0.0002123,0.0002491,0.0001061,6.223e-05,7.71e-05,9.68e-06,2.42e-06,4.425e-05,4.927e-05,1.729e-07,2.092e-05,0.0001416,0.0001307,8.194e-05,0.0003433,0.0003993,0.0004711,0.000906,0.001155,0.001107,0.001414,0.0006432,0.001061,0.0006966,0.0002356,0.0002334
0.00025,0.0005288,0.0004201,0.000381,0.0005559,0.0001317,0.000218,0.0001322,0.0001922,0.0002489,0.0002909,0.0003523,0.0003575,0.0002043,3.889e-05,0.0003253,0.0004351,0.0006816,0.0006252,0.0003568,0.0004953,0.0003018,0.0002643,0.0004005,0.0002774,0.0003801,0.0003779,0.0003492,0.0008348,0.0006545,0.0002187,0.0008463,0.0002016,0.0001435,2.731e-05,3.613e-05,3.786e-05,2.092e-05,7.26e-06,1.279e-05,0.0001635,3.457e-05,1.037e-06,5.774e-05,0.000177,0.000135,0.0001411,0.0003504,0.0004,0.0004431,0.000669,0.0007985,0.0009898,0.001428,0.0005658,0.0009048,0.0005056,0.0003032,0.000507
0.0003905,0.0005846,0.0004721,0.0002693,0.0001317,0.0003945,0.0004289,0.0002621,2.005e-05,0.0001786,2.403e-05,0.0003039,0.0002301,0.0001774,5.238e-05,0.00012,0.0004529,0.0007084,0.000652,0.0005603,0.0004088,0.0003969,0.0003127,0.0007829,0.0003227,0.0004654,0.0005357,0.0005048,0.00105,0.0009513,0.0005233,0.0006581,0.0002678,4.771e-05,4.045e-05,0.000116,5.722e-05,2.593e-05,1.158e-05,2.23e-05,0.0002105,6.828e-05,5.359e-06,0.0001322,0.0003378,0.0001812,0.0002055,0.0002956,0.0004465,0.0004176,0.0006527,0.001042,0.00121,0.001547,0.0005601,0.0007907,0.0003379,0.0001466,0.000201
0.0004133,0.0005461,0.0006828,0.0002372,0.000218,0.0004289,0.0005905,0.0003087,9.559e-05,4.166e-05,2.161e-05,0.0001438,0.0002334,0.0003003,2.679e-05,0.0001898,0.0002914,0.0004488,0.0002532,0.0002099,0.0004284,0.0001471,0.0004225,0.0004052,0.0003276,0.0004783,0.0006759,0.0006059,0.00053,0.000554,0.0004553,0.0004292,0.0002254,8.833e-05,3.63e-05,0.0001704,0.0001393,0.0001376,2.247e-05,1.781e-05,0.0002832,0.000158,2.074e-05,2.731e-05,0.000302,0.0001957,0.0002195,0.0001319,0.0006216,0.0004788,0.000633,0.0007628,0.001406,0.001039,0.0004083,0.0004956,0.0003872,0.0003355,0.0003523
0.0003793,0.0003246,0.0004489,8.418e-05,0.0001322,0.0002621,0.0003087,0.0002776,3.405e-05,3.319e-05,2.403e-05,5.912e-05,0.0004131,0.0004631,0.000186,0.0007271,0.0005421,0.0004743,0.000259,0.0002405,0.0004683,0.000154,0.0002534,0.0002799,0.0001663,0.0004686,0.0004811,0.0004254,0.0004548,0.0006375,0.0003762,0.00038,0.0002619,8.055e-05,3.44e-05,0.0001509,0.000289,0.0001464,8.246e-05,7.433e-05,0.0002982,8.937e-05,3.751e-05,6.586e-05,0.000214,0.0002304,0.0002474,0.000182,0.0002845,0.0003507,0.0002477,0.0004455,0.0008591,0.0008975,0.0001248,0.0006029,0.0002102,0.0001715,0.0004183
0.0002724,0.0003779,0.0003959,0.0001516,0.0001922,2.005e-05,9.559e-05,3.405e-05,2.386e-05,4.65e-05,3.526e-05,2.195e-05,0.0002367,0.0004469,0.000185,0.0006555,0.0006074,0.0003654,0.0003628,0.0003125,0.0003476,0.000261,0.0001335,0.0001419,0.0001577,0.0004048,0.0003084,0.0001914,0.0004102,0.0002099,0.0002534,0.000344,0.0001252,7.52e-05,6.344e-05,9.853e-05,0.0001974,7.416e-05,0.0001241,8.436e-05,0.0001796,7.312e-05,0.0001383,8.038e-05,0.0001991,0.0002726,0.0001589,9.317e-05,0.000306,0.0002564,0.0002377,0.000456,0.0007955,0.001172,0.000322,0.0003583,0.0003099,0.0002341,0.0005656
0.0001269,0.0001487,0.0001354,0.0003281,0.0002489,0.0001786,4.166e-05,3.319e-05,4.65e-05,2.42e-06,8.47e-06,7.952e-06,0.0001096,0.0001628,6.137e-05,0.0002812,0.0003715,0.000336,0.0003205,0.0003177,0.0003457,0.0001779,0.0001226,0.0001264,0.000121,0.0003969,0.0002373,0.0001435,0.0003969,0.0002643,0.0001367,0.0002733,0.0001094,4.598e-05,4.252e-05,0.0001146,0.0001609,1.331e-05,6.897e-05,3.578e-05,0.0001068,5.29e-05,5.826e-05,4.927e-05,0.0001896,0.0002564,8.228e-05,9.853e-05,0.000187,0.00032,0.0004116,0.0004735,0.0006057,0.001289,0.0004403,0.0005981,0.0003991,0.0005255,0.0005808
0.0001013,0.0001687,0.0001718,9.006e-05,0.0002909,2.403e-05,2.161e-05,2.403e-05,3.526e-05,8.47e-06,4.46e-05,7.416e-05,0.0001217,0.000145,1.383e-05,8.47e-05,0.0002664,0.0002828,0.0003035,0.0004429,0.0002845,0.0001895,0.0002503,9.732e-05,4.875e-05,0.0001181,0.0003371,0.0001395,0.000334,0.0002968,8.954e-05,0.0001732,9.024e-05,3.907e-05,3.284e-05,7.537e-05,0.0001347,0.0001113,3.423e-05,6.258e-05,5.653e-05,9.317e-05,1.573e-05,1.487e-05,6.603e-05,0.0001959,6.189e-05,1.054e-05,4.719e-05,5.635e-05,0.0002437,0.000445,0.0009988,0.001089,0.0003006,0.0003409,0.0006144,0.000301,0.000433
0.0002304,0.0002213,0.0002558,0.0003341,0.0003523,0.0003039,0.0001438,5.912e-05,2.195e-05,7.952e-06,7.416e-05,7.606e-06,6.897e-05,0.0001039,6.742e-05,0.0002557,9.179e-05,0.0001993,0.0003205,0.0002939,0.000627,0.0004116,0.0002358,0.0002024,0.0002325,0.000149,0.0003917,0.0003549,0.0004417,0.0004095,0.0003596,0.000269,0.0001959,7.623e-05,4.719e-05,0.000215,0.0001488,0.000108,9.836e-05,0.0001051,0.0002292,0.0004104,0.0004413,9.093e-05,0.0004252,0.0006007,0.0002491,0.0001073,0.0001324,0.0002965,0.0003694,0.0004901,0.0007025,0.00122,0.0004894,0.0004225,0.000781,0.0005827,0.0006322
0.0001737,0.0001172,0.0002709,0.0001398,0.0003575,0.0002301,0.0002334,0.0004131,0.0002367,0.0001096,0.0001217,6.897e-05,2.213e-05,0.0001523,3.855e-05,0.0003547,0.0002341,0.0003278,9.352e-05,0.0003333,0.0004515,0.0004211,0.0002271,0.0001284,0.0002707,0.0005464,0.0003613,0.0004275,0.001092,0.001098,0.0006213,0.000543,0.0004745,0.0002629,0.0001089,0.0001625,0.0001758,0.0003132,0.0003312,0.0001042,0.0002425,0.000529,0.0003291,0.000237,0.000256,0.0005663,0.0002615,0.0002812,0.0002399,0.0001808,0.000186,0.0004493,0.0004223,0.000554,0.0003238,0.0002778,0.0005245,0.0006844,0.0006106
0.0002069,7.969e-05,0.0001188,9.94e-05,0.0002043,0.0001774,0.0003003,0.0004631,0.0004469,0.0001628,0.000145,0.0001039,0.0001523,4.287e-05,0.0002252,0.0002892,0.0002638,0.0002451,2.939e-05,0.0002766,0.0002263,0.0003271,0.0001398,0.0002747,0.0002434,5.912e-05,0.0001549,0.0002851,0.0004342,0.0001405,0.0003094,0.000423,0.0003029,0.0001779,7.001e-05,7.71e-05,9.75e-05,0.0003789,0.0002975,1.919e-05,0.0001566,0.0003585,0.000115,2.265e-05,8.349e-05,0.0003345,0.0002126,0.0001627,3.63e-05,3.509e-05,0.00018,0.0004157,0.0007013,0.0006591,0.0003148,0.0003537,0.000343,0.0001964,0.0003518
0.0001131,0.0001623,9.404e-05,3.302e-05,3.889e-05,5.238e-05,2.679e-05,0.000186,0.000185,6.137e-05,1.383e-05,6.742e-05,3.855e-05,0.0002252,0.0001469,0.0002861,0.0001101,7.399e-05,0.0001421,6.811e-05,0.0001044,0.0002799,7.26e-06,7.433e-06,0.000199,9.853e-06,3.302e-05,2.991e-05,9.732e-05,7.416e-05,0.0001608,0.0004602,0.000401,0.0003464,0.000252,4.08e-05,0.0001407,0.000428,0.0002792,3.492e-05,0.00039,0.0003867,3.872e-05,4.892e-05,0.0001666,0.0002648,4.961e-05,5.324e-05,1.953e-05,9.68e-06,0.0002023,0.0005865,0.0006474,0.0005105,0.0002479,0.0001447,0.0004036,0.0003101,0.000303
0.0004678,0.0004095,0.0002377,0.0001919,0.0003253,0.00012,0.0001898,0.0007271,0.0006555,0.0002812,8.47e-05,0.0002557,0.0003547,0.0002892,0.0002861,0.0003412,5.947e-05,8.228e-05,4.149e-06,1.59e-05,2.092e-05,2.109e-05,1.089e-05,4.322e-06,0.0001722,2.524e-05,6.068e-05,1.85e-05,8.764e-05,0.0001376,7.986e-05,0.000321,0.0002863,0.0002586,0.0001122,1.659e-05,0.0001838,0.0005461,0.0002491,0.0001239,0.0005698,0.0005758,0.0002028,0.0003224,0.0004953,0.0003272,0.0001976,6.5e-05,0.0002038,0.0002484,0.0004558,0.0007931,0.0006609,0.0003781,0.0006278,0.0001867,0.0002944,0.0002586,0.0002138
0.0001774,0.0003575,0.0003335,0.0004688,0.0004351,0.0004529,0.0002914,0.0005421,0.0006074,0.0003715,0.0002664,9.179e-05,0.0002341,0.0002638,0.0001101,5.947e-05,8.989e-06,2.334e-05,1.919e-05,2.299e-05,3.181e-05,1.383e-05,5.393e-05,5.013e-05,0.0003177,2.195e-05,4.633e-05,0.0001158,0.0001397,0.0001946,0.0002152,0.0006024,0.0006977,0.0004876,0.0002774,7.52e-05,5.584e-05,0.0002781,0.0001046,1.141e-05,0.0002137,0.0003253,1.625e-05,3.803e-06,0.0002377,0.0001288,9.335e-06,5.013e-06,2.074e-05,2.247e-05,0.0001917,0.0005658,0.0005224,0.0005468,0.0006724,0.0002811,0.0004555,0.0004557,0.0003074
0.0003523,0.0004959,0.0004664,0.0005696,0.0006816,0.0007084,0.0004488,0.0004743,0.0003654,0.000336,0.0002828,0.0001993,0.0003278,0.0002451,7.399e-05,8.228e-05,2.334e-05,5.981e-05,6.759e-05,7.727e-05,5.584e-05,2.005e-05,4.633e-05,4.356e-05,9.715e-05,7.485e-05,4.996e-05,0.0001018,0.0002289,0.0002055,0.0001941,0.0005914,0.0005077,0.0005131,0.000273,0.0002615,0.0002921,0.0001352,5.895e-05,0.0002042,0.0001264,0.0002221,4.667e-05,0.000117,0.0004634,0.000352,3.284e-06,2.334e-05,7.865e-05,0.000391,0.0006809,0.0008339,0.0006522,0.0003366,0.0007699,0.0002413,0.0004631,0.0004116,0.0002399
0.0001732,0.0003419,0.0005163,0.0004769,0.0006252,0.000652,0.0002532,0.000259,0.0003628,0.0003205,0.0003035,0.0003205,9.352e-05,2.939e-05,0.0001421,4.149e-06,1.919e-05,6.759e-05,3.63e-05,3.509e-05,4.754e-05,2.61e-05,5.428e-05,8.695e-05,0.0002887,0.0001077,0.0001219,0.0002835,0.000344,0.0005182,0.000204,0.0005445,0.000724,0.0003041,0.0002422,0.000459,0.0005566,9.888e-05,2.921e-05,0.000182,9.369e-05,0.0001685,2.887e-05,6.966e-05,0.0003122,3.734e-05,7.813e-05,4.581e-05,0.0002221,0.0002387,0.0007044,0.0007488,0.0005431,0.0004769,0.0008363,0.0002996,0.0003309,0.0002182,0.0004705
0.0004296,0.0004693,0.0005459,0.000516,0.0003568,0.0005603,0.0002099,0.0002405,0.0003125,0.0003177,0.0004429,0.0002939,0.0003333,0.0002766,6.811e-05,1.59e-05,2.299e-05,7.727e-05,3.509e-05,3.941e-05,1.867e-05,8.073e-05,2.991e-05,0.0001032,5.082e-05,0.000229,6.5e-05,5.912e-05,0.0001931,0.0001457,0.0001156,0.0003089,0.0004107,0.0002392,0.0001155,0.0002691,0.0005993,8.626e-05,3.596e-05,0.0004545,0.0003286,5.981e-05,4.218e-05,0.0002927,0.0003134,1.072e-05,1.348e-05,0.000136,7.416e-05,0.0006182,0.0008662,0.0009134,0.0005231,0.0003281,0.0007463,0.0001891,0.0002405,4.615e-05,0.000371
0.000385,0.0007371,0.0006175,0.0007756,0.0004953,0.0004088,0.0004284,0.0004683,0.0003476,0.0003457,0.0002845,0.000627,0.0004515,0.0002263,0.0001044,2.092e-05,3.181e-05,5.584e-05,4.754e-05,1.867e-05,3.768e-05,0.000242,0.000173,0.00032,0.0001077,0.0002391,0.0001029,0.0001736,0.0001445,0.0003011,0.0002895,0.0006844,0.0004909,0.0003812,0.0002337,0.0002093,0.0007208,0.0001452,7.934e-05,0.0003789,0.000497,9.94e-05,0.0001475,0.0001355,0.0002546,0.0002246,0.0002857,0.0001438,0.0004641,0.0003583,0.0006776,0.0007909,0.0004413,0.0005013,0.0005741,0.0002895,0.0002482,0.000224,0.0003281
0.0004173,0.0006164,0.0004121,0.0003454,0.0003018,0.0003969,0.0001471,0.000154,0.000261,0.0001779,0.0001895,0.0004116,0.0004211,0.0003271,0.0002799,2.109e-05,1.383e-05,2.005e-05,2.61e-05,8.073e-05,0.000242,0.000326,0.000284,0.0003253,0.0002149,0.0002467,0.0001419,0.000214,3.544e-05,0.0003141,0.000301,0.0006771,0.000609,0.0004204,0.000273,5.998e-05,0.0007305,0.0002828,0.0001117,0.0003032,0.0004631,0.0001262,0.0001137,0.0002258,0.0001834,0.0001303,0.000182,0.0001874,8.038e-05,0.0004724,0.0005959,0.0005421,0.0003093,0.0003252,0.0001921,0.0001706,0.0002866,0.0003148,0.0004009
0.00045,0.0008871,0.0006297,0.0002887,0.0002643,0.0003127,0.0004225,0.0002534,0.0001335,0.0001226,0.0002503,0.0002358,0.0002271,0.0001398,7.26e-06,1.089e-05,5.393e-05,4.633e-05,5.428e-05,2.991e-05,0.000173,0.000284,0.0002437,0.0003283,0.0003297,0.0001732,0.0001604,0.0001938,0.0001276,0.0001858,0.0001201,0.0004532,0.0003283,0.0001148,5.134e-05,4.477e-05,0.0001528,4.944e-05,1.245e-05,9.127e-05,6.845e-05,4.927e-05,9.3e-05,0.000126,6.344e-05,0.0001053,0.0001322,0.0001343,6.292e-05,0.0003093,0.0005618,0.0008349,0.000461,0.0004131,0.0001575,7.399e-05,0.0002142,8.747e-05,0.0003791
0.0007162,0.00153,0.0004615,0.0006617,0.0004005,0.0007829,0.0004052,0.0002799,0.0001419,0.0001264,9.732e-05,0.0002024,0.0001284,0.0002747,7.433e-06,4.322e-06,5.013e-05,4.356e-05,8.695e-05,0.0001032,0.00032,0.0003253,0.0003283,0.0003156,0.0001895,0.0001027,5.29e-05,0.0002361,0.0001476,0.0002455,0.0003258,0.0003641,0.0003583,0.0002889,0.0002443,6.949e-05,0.0001775,0.0001627,2.714e-05,8.418e-05,0.000106,0.0001165,8.937e-05,0.0001054,0.0001222,4.391e-05,6.984e-05,0.0002119,0.0001665,0.000445,0.0006164,0.0005431,0.0004462,0.0002747,0.0002341,0.0001214,0.0004709,0.0002686,0.0004595
0.0003762,0.0006249,0.000187,0.0002593,0.0002774,0.0003227,0.0003276,0.0001663,0.0001577,0.000121,4.875e-05,0.0002325,0.0002707,0.0002434,0.000199,0.0001722,0.0003177,9.715e-05,0.0002887,5.082e-05,0.0001077,0.0002149,0.0003297,0.0001895,7.018e-05,0.0002145,0.0001008,0.0001082,0.000145,0.0003297,0.0002894,0.000818,0.0006173,0.0003288,8.367e-05,0.000122,0.0001305,0.0004061,0.0001635,0.0001099,0.0002745,0.0003914,0.0001125,0.0001324,0.0002494,0.0001354,4.391e-05,0.0001668,6.275e-05,0.0003011,0.0004047,0.0004959,0.0002972,0.0001815,0.0001974,0.0003753,0.0005179,0.0005236,0.0004977
0.0003535,0.0004574,0.000259,0.0003042,0.0003801,0.0004654,0.0004783,0.0004686,0.0004048,0.0003969,0.0001181,0.000149,0.0005464,5.912e-05,9.853e-06,2.524e-05,2.195e-05,7.485e-05,0.0001077,0.000229,0.0002391,0.0002467,0.0001732,0.0001027,0.0002145,0.0002749,0.0002626,0.0002375,0.0005179,0.000604,0.0004985,0.0004475,0.0003105,0.0001813,0.0002187,0.0001174,0.0002812,0.0001478,5.203e-05,8.816e-06,0.0001653,0.0002247,1.02e-05,4.736e-05,0.0001872,0.0002854,3.336e-05,0.0002532,0.0002138,0.0004493,0.0003622,0.0004522,0.0004085,0.0002812,0.0004144,0.0008851,0.0009138,0.000753,0.0007397
0.0006719,0.0008617,0.0004308,0.0005964,0.0003779,0.0005357,0.0006759,0.0004811,0.0003084,0.0002373,0.0003371,0.0003917,0.0003613,0.0001549,3.302e-05,6.068e-05,4.633e-05,4.996e-05,0.0001219,6.5e-05,0.0001029,0.0001419,0.0001604,5.29e-05,0.0001008,0.0002626,0.0001307,0.0001912,0.0002904,0.0003575,0.000396,0.0002934,0.0002847,0.0004259,0.0003416,0.0003084,0.0003177,0.0006973,0.0004062,0.0002164,0.0004337,0.0005101,6.915e-05,0.0002565,0.0002752,7.571e-05,6.552e-05,0.0003264,0.0002686,0.00053,0.000427,0.0005322,0.000352,0.0003214,0.0006237,0.0003594,0.0006061,0.0005774,0.0006316
0.0006688,0.0009373,0.0006137,0.0006268,0.0003492,0.0005048,0.0006059,0.0004254,0.0001914,0.0001435,0.0001395,0.0003549,0.0004275,0.0002851,2.991e-05,1.85e-05,0.0001158,0.0001018,0.0002835,5.912e-05,0.0001736,0.000214,0.0001938,0.0002361,0.0001082,0.0002375,0.0001912,5.117e-05,0.0002296,0.000306,0.0002301,0.0002178,0.0001879,0.0003186,0.0003044,0.0001162,0.0004214,0.000577,0.0001969,0.0001352,0.000605,0.0003029,4.667e-06,0.00027,0.0005169,1.832e-05,5.255e-05,0.0004085,0.0002353,0.0006099,0.0004216,0.0004429,0.0001685,6.984e-05,0.0003476,3.959e-05,0.0002923,9.162e-05,0.0001689
0.0011,0.001345,0.000935,0.001244,0.0008348,0.00105,0.00053,0.0004548,0.0004102,0.0003969,0.000334,0.0004417,0.001092,0.0004342,9.732e-05,8.764e-05,0.0001397,0.0002289,0.000344,0.0001931,0.0001445,3.544e-05,0.0001276,0.0001476,0.000145,0.0005179,0.0002904,0.0002296,0.0004854,0.0005366,0.0002743,0.0003666,0.0001435,5.342e-05,0.000108,0.00019,9.542e-05,0.000209,6.137e-05,9.698e-05,0.0004935,0.0002372,2.939e-05,0.0001348,0.0004577,0.0001167,0.000122,0.0003573,0.0002477,0.0007492,0.0007941,0.0006754,0.0004622,0.0004638,0.000638,0.00028,0.0002707,0.0003004,0.0001722
0.00073,0.0009063,0.0007245,0.0007272,0.0006545,0.0009513,0.000554,0.0006375,0.0002099,0.0002643,0.0002968,0.0004095,0.001098,0.0001405,7.416e-05,0.0001376,0.0001946,0.0002055,0.0005182,0.0001457,0.0003011,0.0003141,0.0001858,0.0002455,0.0003297,0.000604,0.0003575,0.000306,0.0005366,0.0004093,0.0002107,0.0002551,6.206e-05,1.798e-05,2.628e-05,0.00014,0.000529,0.0003011,1.815e-05,0.000153,0.0006887,0.0001319,0.0002024,0.0005298,0.0007573,0.0002282,0.0003279,0.0005195,0.0001373,0.0009207,0.0006992,0.000508,0.0002793,0.0006112,0.0007281,0.0003037,0.0002698,0.0003376,0.0003715
0.0002221,0.000331,0.0004863,0.0003922,0.0002187,0.0005233,0.0004553,0.0003762,0.0002534,0.0001367,8.954e-05,0.0003596,0.0006213,0.0003094,0.0001608,7.986e-05,0.0002152,0.0001941,0.000204,0.0001156,0.0002895,0.000301,0.0001201,0.0003258,0.0002894,0.0004985,0.000396,0.0002301,0.0002743,0.0002107,6.085e-05,9.871e-05,2.818e-05,0.000148,4.512e-05,4.875e-05,0.0003877,0.0004513,8.004e-05,0.0002515,0.0006413,0.0001729,0.0003063,0.0005616,0.0006764,0.0003084,0.0003563,0.0004657,8.28e-05,0.0007068,0.000461,0.0002968,0.0001781,0.0002934,0.000371,0.0001896,0.0003592,0.0004785,0.0003888
0.0003105,0.0004776,0.0004387,0.0005416,0.0008463,0.0006581,0.0004292,0.00038,0.000344,0.0002733,0.0001732,0.000269,0.000543,0.000423,0.0004602,0.000321,0.0006024,0.0005914,0.0005445,0.0003089,0.0006844,0.0006771,0.0004532,0.0003641,0.000818,0.0004475,0.0002934,0.0002178,0.0003666,0.0002551,9.871e-05,0.0003962,0.0003506,0.0003649,0.0001203,0.0001355,0.000293,0.0003386,9.041e-05,0.0002335,0.000433,0.0001219,0.0003176,0.0003034,0.0002764,0.0002524,0.0003685,0.0002799,0.000126,0.0004648,0.0002066,0.0003305,0.0003055,0.0003416,0.0004118,0.0001405,0.0003597,0.0004107,0.0004598
0.0002882,0.0002997,0.0004462,0.000447,0.0002016,0.0002678,0.0002254,0.0002619,0.0001252,0.0001094,9.024e-05,0.0001959,0.0004745,0.0003029,0.000401,0.0002863,0.0006977,0.0005077,0.000724,0.0004107,0.0004909,0.000609,0.0003283,0.0003583,0.0006173,0.0003105,0.0002847,0.0001879,0.0001435,6.206e-05,2.818e-05,0.0003506,0.0002005,0.0002897,9.629e-05,0.0001469,0.000459,0.0005234,0.0001921,0.0002543,0.0003641,0.0001286,0.0004925,0.0002634,0.000121,0.0001824,0.0002738,0.0002902,5.566e-05,0.0002576,7.762e-05,9.594e-05,0.0002256,0.0004332,0.0001231,3.941e-05,0.0001298,0.0004491,0.0004591
0.000236,0.0003297,0.0003675,0.0002123,0.0001435,4.771e-05,8.833e-05,8.055e-05,7.52e-05,4.598e-05,3.907e-05,7.623e-05,0.0002629,0.0001779,0.0003464,0.0002586,0.0004876,0.0005131,0.0003041,0.0002392,0.0003812,0.0004204,0.0001148,0.0002889,0.0003288,0.0001813,0.0004259,0.0003186,5.342e-05,1.798e-05,0.000148,0.0003649,0.0002897,0.0002752,0.0002477,0.0001763,0.0005042,0.0005452,0.0002724,0.0003246,0.0002188,0.0001125,0.0004676,0.0002864,0.0001046,0.0001303,0.0003592,0.0003276,5.48e-05,0.0001729,4.65e-05,2.386e-05,4.339e-05,8.125e-06,3.717e-05,2.074e-05,0.0001041,0.0002908,0.0002246
0.0001618,0.0002712,0.0003008,0.0002491,2.731e-05,4.045e-05,3.63e-05,3.44e-05,6.344e-05,4.252e-05,3.284e-05,4.719e-05,0.0001089,7.001e-05,0.000252,0.0001122,0.0002774,0.000273,0.0002422,0.0001155,0.0002337,0.000273,5.134e-05,0.0002443,8.367e-05,0.0002187,0.0003416,0.0003044,0.000108,2.628e-05,4.512e-05,0.0001203,9.629e-05,0.0002477,6.223e-05,0.0001371,0.0002109,0.0002736,5.48e-05,0.0001692,0.0001125,1.936e-05,0.0001443,0.0002434,0.0001469,5.722e-05,0.0002023,0.0003134,0.0001205,0.0004187,0.0002418,0.0002455,2.023e-05,1.556e-05,1.919e-05,8.643e-06,4.823e-05,8.591e-05,9.957e-05
0.0001763,0.0002135,0.0001723,0.0001061,3.613e-05,0.000116,0.0001704,0.0001509,9.853e-05,0.0001146,7.537e-05,0.000215,0.0001625,7.71e-05,4.08e-05,1.659e-05,7.52e-05,0.0002615,0.000459,0.0002691,0.0002093,5.998e-05,4.477e-05,6.949e-05,0.000122,0.0001174,0.0003084,0.0001162,0.00019,0.00014,4.875e-05,0.0001355,0.0001469,0.0001763,0.0001371,1.383e-06,0.0003348,0.0003708,0.0001258,3.267e-05,0.0002507,0.000264,7.779e-05,0.0001011,9.49e-05,0.0002199,4.944e-05,0.0001583,1.85e-05,0.0001635,8.764e-05,8.574e-05,2.265e-05,4.598e-05,3.457e-05,1.504e-05,0.0002951,0.0004209,0.0002111
0.00012,7.865e-05,0.000154,6.223e-05,3.786e-05,5.722e-05,0.0001393,0.000289,0.0001974,0.0001609,0.0001347,0.0001488,0.0001758,9.75e-05,0.0001407,0.0001838,5.584e-05,0.0002921,0.0005566,0.0005993,0.0007208,0.0007305,0.0001528,0.0001775,0.0001305,0.0002812,0.0003177,0.0004214,9.542e-05,0.000529,0.0003877,0.000293,0.000459,0.0005042,0.0002109,0.0003348,0.000259,0.0002577,0.0002669,0.0002991,6.171e-05,0.0001499,0.0003628,0.0001744,2.247e-05,9.075e-05,0.0002577,0.0001374,3.457e-05,3.959e-05,4.322e-06,6.742e-06,1.02e-05,8.125e-06,1.141e-05,7.26e-06,9.248e-05,0.0002434,0.0001094
0.0001784,8.678e-05,0.0002149,7.71e-05,2.092e-05,2.593e-05,0.0001376,0.0001464,7.416e-05,1.331e-05,0.0001113,0.000108,0.0003132,0.0003789,0.000428,0.0005461,0.0002781,0.0001352,9.888e-05,8.626e-05,0.0001452,0.0002828,4.944e-05,0.0001627,0.0004061,0.0001478,0.0006973,0.000577,0.000209,0.0003011,0.0004513,0.0003386,0.0005234,0.0005452,0.0002736,0.0003708,0.0002577,7.71e-05,0.0003103,0.0004035,5.255e-05,7.952e-06,0.0002579,0.000279,3.008e-05,4.909e-05,0.0003756,0.0002313,1.314e-05,6.863e-05,0.0001201,0.0002301,5.912e-05,3.475e-05,5.013e-06,1.279e-05,1.227e-05,1.175e-05,3.198e-05
0.0001872,5.86e-05,0.0001201,9.68e-06,7.26e-06,1.158e-05,2.247e-05,8.246e-05,0.0001241,6.897e-05,3.423e-05,9.836e-05,0.0003312,0.0002975,0.0002792,0.0002491,0.0001046,5.895e-05,2.921e-05,3.596e-05,7.934e-05,0.0001117,1.245e-05,2.714e-05,0.0001635,5.203e-05,0.0004062,0.0001969,6.137e-05,1.815e-05,8.004e-05,9.041e-05,0.0001921,0.0002724,5.48e-05,0.0001258,0.0002669,0.0003103,1.832e-05,0.0002218,0.0003945,0.0002422,1.711e-05,0.0002847,0.0004408,4.494e-06,5.808e-05,0.00026,1.919e-05,0.0002617,0.0003781,0.0004638,0.0002532,2.299e-05,2.818e-05,1.677e-05,1.625e-05,0.0002602,0.0002655
0.0001153,8.488e-05,1.625e-05,2.42e-06,1.279e-05,2.23e-05,1.781e-05,7.433e-05,8.436e-05,3.578e-05,6.258e-05,0.0001051,0.0001042,1.919e-05,3.492e-05,0.0001239,1.141e-05,0.0002042,0.000182,0.0004545,0.0003789,0.0003032,9.127e-05,8.418e-05,0.0001099,8.816e-06,0.0002164,0.0001352,9.698e-05,0.000153,0.0002515,0.0002335,0.0002543,0.0003246,0.0001692,3.267e-05,0.0002991,0.0004035,0.0002218,3.941e-05,0.0002351,0.0001931,6.69e-05,7.934e-05,8.055e-05,0.0001428,0.0001919,7.468e-05,3.215e-05,6.258e-05,1.988e-05,2.697e-05,4.84e-06,5.186e-06,2.939e-06,1.729e-06,0.000241,0.0003763,0.0001196
5.255e-05,9.525e-05,0.0001144,4.425e-05,0.0001635,0.0002105,0.0002832,0.0002982,0.0001796,0.0001068,5.653e-05,0.0002292,0.0002425,0.0001566,0.00039,0.0005698,0.0002137,0.0001264,9.369e-05,0.0003286,0.000497,0.0004631,6.845e-05,0.000106,0.0002745,0.0001653,0.0004337,0.000605,0.0004935,0.0006887,0.0006413,0.000433,0.0003641,0.0002188,0.0001125,0.0002507,6.171e-05,5.255e-05,0.0003945,0.0002351,5.532e-06,3.561e-05,0.0003739,0.000154,3.457e-07,3.284e-05,0.0002997,6.396e-05,3.457e-06,1.971e-05,8.643e-06,1.504e-05,1.711e-05,0.0001203,1.037e-06,6.915e-07,2.247e-06,3.475e-05,2.904e-05
0.0002868,0.0002251,0.0001093,4.927e-05,3.457e-05,6.828e-05,0.000158,8.937e-05,7.312e-05,5.29e-05,9.317e-05,0.0004104,0.000529,0.0003585,0.0003867,0.0005758,0.0003253,0.0002221,0.0001685,5.981e-05,9.94e-05,0.0001262,4.927e-05,0.0001165,0.0003914,0.0002247,0.0005101,0.0003029,0.0002372,0.0001319,0.0001729,0.0001219,0.0001286,0.0001125,1.936e-05,0.000264,0.0001499,7.952e-06,0.0002422,0.0001931,3.561e-05,2.42e-06,0.0001962,0.0001971,9.508e-06,8.989e-06,7.986e-05,0.0001449,1.331e-05,0.0001383,0.0001896,0.000349,0.0001908,3.855e-05,5.532e-06,1.21e-05,1.366e-05,6.915e-06,9.266e-05
0.0001571,0.0001639,7.952e-06,1.729e-07,1.037e-06,5.359e-06,2.074e-05,3.751e-05,0.0001383,5.826e-05,1.573e-05,0.0004413,0.0003291,0.000115,3.872e-05,0.0002028,1.625e-05,4.667e-05,2.887e-05,4.218e-05,0.0001475,0.0001137,9.3e-05,8.937e-05,0.0001125,1.02e-05,6.915e-05,4.667e-06,2.939e-05,0.0002024,0.0003063,0.0003176,0.0004925,0.0004676,0.0001443,7.779e-05,0.0003628,0.0002579,1.711e-05,6.69e-05,0.0003739,0.0001962,6.223e-06,0.0001965,0.0003156,7.606e-06,3.544e-05,9.058e-05,1.037e-06,0.0002067,0.0001099,0.0001272,3.561e-05,1.366e-05,2.939e-06,9.162e-06,6.206e-05,0.0002486,0.0001945
5.324e-05,5.739e-05,2.731e-05,2.092e-05,5.774e-05,0.0001322,2.731e-05,6.586e-05,8.038e-05,4.927e-05,1.487e-05,9.093e-05,0.000237,2.265e-05,4.892e-05,0.0003224,3.803e-06,0.000117,6.966e-05,0.0002927,0.0001355,0.0002258,0.000126,0.0001054,0.0001324,4.736e-05,0.0002565,0.00027,0.0001348,0.0005298,0.0005616,0.0003034,0.0002634,0.0002864,0.0002434,0.0001011,0.0001744,0.000279,0.0002847,7.934e-05,0.000154,0.0001971,0.0001965,7.917e-05,1.746e-05,9.058e-05,0.0002059,1.902e-05,1.366e-05,7.087e-06,3.976e-06,1.59e-05,8.643e-06,0.0001912,9.957e-05,0.0002299,0.0002766,0.0002581,0.0002394
8.695e-05,0.0005195,0.0001412,0.0001416,0.000177,0.0003378,0.000302,0.000214,0.0001991,0.0001896,6.603e-05,0.0004252,0.000256,8.349e-05,0.0001666,0.0004953,0.0002377,0.0004634,0.0003122,0.0003134,0.0002546,0.0001834,6.344e-05,0.0001222,0.0002494,0.0001872,0.0002752,0.0005169,0.0004577,0.0007573,0.0006764,0.0002764,0.000121,0.0001046,0.0001469,9.49e-05,2.247e-05,3.008e-05,0.0004408,8.055e-05,3.457e-07,9.508e-06,0.0003156,1.746e-05,0,3.803e-05,0.0001108,0.0001029,1.902e-06,5.86e-05,0.0001986,3.008e-05,1.642e-05,3.163e-05,1.383e-06,2.662e-05,8.972e-05,4.598e-05,3.596e-05
0.0003606,0.0005091,0.0001908,0.0001307,0.000135,0.0001812,0.0001957,0.0002304,0.0002726,0.0002564,0.0001959,0.0006007,0.0005663,0.0003345,0.0002648,0.0003272,0.0001288,0.000352,3.734e-05,1.072e-05,0.0002246,0.0001303,0.0001053,4.391e-05,0.0001354,0.0002854,7.571e-05,1.832e-05,0.0001167,0.0002282,0.0003084,0.0002524,0.0001824,0.0001303,5.722e-05,0.0002199,9.075e-05,4.909e-05,4.494e-06,0.0001428,3.284e-05,8.989e-06,7.606e-06,9.058e-05,3.803e-05,4.494e-06,2.541e-05,7.347e-05,6.223e-06,0.0002774,0.0004166,0.0003819,0.0001174,4.477e-05,9.853e-06,1.746e-05,8.643e-05,8.246e-05,0.0002612
0.0001475,0.0001253,0.0001058,8.194e-05,0.0001411,0.0002055,0.0002195,0.0002474,0.0001589,8.228e-05,6.189e-05,0.0002491,0.0002615,0.0002126,4.961e-05,0.0001976,9.335e-06,3.284e-06,7.813e-05,1.348e-05,0.0002857,0.000182,0.0001322,6.984e-05,4.391e-05,3.336e-05,6.552e-05,5.255e-05,0.000122,0.0003279,0.0003563,0.0003685,0.0002738,0.0003592,0.0002023,4.944e-05,0.0002577,0.0003756,5.808e-05,0.0001919,0.0002997,7.986e-05,3.544e-05,0.0002059,0.0001108,2.541e-05,6.915e-06,3.146e-05,5.705e-06,0.0001008,3.907e-05,0.0001034,2.766e-05,3.82e-05,9.387e-05,0.0002007,0.000432,0.0002992,0.0005542
0.0001324,0.0003333,0.0001412,0.0003433,0.0003504,0.0002956,0.0001319,0.000182,9.317e-05,9.853e-05,1.054e-05,0.0001073,0.0002812,0.0001627,5.324e-05,6.5e-05,5.013e-06,2.334e-05,4.581e-05,0.000136,0.0001438,0.0001874,0.0001343,0.0002119,0.0001668,0.0002532,0.0003264,0.0004085,0.0003573,0.0005195,0.0004657,0.0002799,0.0002902,0.0003276,0.0003134,0.0001583,0.0001374,0.0002313,0.00026,7.468e-05,6.396e-05,0.0001449,9.058e-05,1.902e-05,0.0001029,7.347e-05,3.146e-05,1.072e-05,1.936e-05,2.507e-05,5.151e-05,3.596e-05,3.872e-05,0.000107,0.0002406,0.000525,0.0006806,0.0004845,0.0003886
0.0001469,0.0009162,0.0004211,0.0003993,0.0004,0.0004465,0.0006216,0.0002845,0.000306,0.000187,4.719e-05,0.0001324,0.0002399,3.63e-05,1.953e-05,0.0002038,2.074e-05,7.865e-05,0.0002221,7.416e-05,0.0004641,8.038e-05,6.292e-05,0.0001665,6.275e-05,0.0002138,0.0002686,0.0002353,0.0002477,0.0001373,8.28e-05,0.000126,5.566e-05,5.48e-05,0.0001205,1.85e-05,3.457e-05,1.314e-05,1.919e-05,3.215e-05,3.457e-06,1.331e-05,1.037e-06,1.366e-05,1.902e-06,6.223e-06,5.705e-06,1.936e-05,1.729e-06,2.161e-05,0.0001551,8.107e-05,2.852e-05,3.354e-05,2.109e-05,6.949e-05,0.0003182,0.0002667,0.0002653
0.0002465,0.000419,0.0002363,0.0004711,0.0004431,0.0004176,0.0004788,0.0003507,0.0002564,0.00032,5.635e-05,0.0002965,0.0001808,3.509e-05,9.68e-06,0.0002484,2.247e-05,0.000391,0.0002387,0.0006182,0.0003583,0.0004724,0.0003093,0.000445,0.0003011,0.0004493,0.00053,0.0006099,0.0007492,0.0009207,0.0007068,0.0004648,0.0002576,0.0001729,0.0004187,0.0001635,3.959e-05,6.863e-05,0.0002617,6.258e-05,1.971e-05,0.0001383,0.0002067,7.087e-06,5.86e-05,0.0002774,0.0001008,2.507e-05,2.161e-05,4.702e-05,3.82e-05,2.195e-05,2.973e-05,0.0003808,5.065e-05,0.000645,0.000864,0.0005086,0.0004171
0.0004755,0.0007516,0.0008291,0.000906,0.000669,0.0006527,0.000633,0.0002477,0.0002377,0.0004116,0.0002437,0.0003694,0.000186,0.00018,0.0002023,0.0004558,0.0001917,0.0006809,0.0007044,0.0008662,0.0006776,0.0005959,0.0005618,0.0006164,0.0004047,0.0003622,0.000427,0.0004216,0.0007941,0.0006992,0.000461,0.0002066,7.762e-05,4.65e-05,0.0002418,8.764e-05,4.322e-06,0.0001201,0.0003781,1.988e-05,8.643e-06,0.0001896,0.0001099,3.976e-06,0.0001986,0.0004166,3.907e-05,5.151e-05,0.0001551,3.82e-05,4.875e-05,3.319e-05,3.492e-05,3.233e-05,4.408e-05,0.0004743,0.0006835,0.0004775,0.0005615
0.0008014,0.000917,0.00102,0.001155,0.0007985,0.001042,0.0007628,0.0004455,0.000456,0.0004735,0.000445,0.0004901,0.0004493,0.0004157,0.0005865,0.0007931,0.0005658,0.0008339,0.0007488,0.0009134,0.0007909,0.0005421,0.0008349,0.0005431,0.0004959,0.0004522,0.0005322,0.0004429,0.0006754,0.000508,0.0002968,0.0003305,9.594e-05,2.386e-05,0.0002455,8.574e-05,6.742e-06,0.0002301,0.0004638,2.697e-05,1.504e-05,0.000349,0.0001272,1.59e-05,3.008e-05,0.0003819,0.0001034,3.596e-05,8.107e-05,2.195e-05,3.319e-05,0.000196,2.783e-05,6.379e-05,6.189e-05,0.000623,0.0003682,0.0006185,0.0004878
0.0006507,0.001277,0.0009125,0.001107,0.0009898,0.00121,0.001406,0.0008591,0.0007955,0.0006057,0.0009988,0.0007025,0.0004223,0.0007013,0.0006474,0.0006609,0.0005224,0.0006522,0.0005431,0.0005231,0.0004413,0.0003093,0.000461,0.0004462,0.0002972,0.0004085,0.000352,0.0001685,0.0004622,0.0002793,0.0001781,0.0003055,0.0002256,4.339e-05,2.023e-05,2.265e-05,1.02e-05,5.912e-05,0.0002532,4.84e-06,1.711e-05,0.0001908,3.561e-05,8.643e-06,1.642e-05,0.0001174,2.766e-05,3.872e-05,2.852e-05,2.973e-05,3.492e-05,2.783e-05,7.848e-05,0.0001293,4.425e-05,0.000312,0.0002901,0.000213,0.0003046
0.0005418,0.001048,0.00117,0.001414,0.001428,0.001547,0.001039,0.0008975,0.001172,0.001289,0.001089,0.00122,0.000554,0.0006591,0.0005105,0.0003781,0.0005468,0.0003366,0.0004769,0.0003281,0.0005013,0.0003252,0.0004131,0.0002747,0.0001815,0.0002812,0.0003214,6.984e-05,0.0004638,0.0006112,0.0002934,0.0003416,0.0004332,8.125e-06,1.556e-05,4.598e-05,8.125e-06,3.475e-05,2.299e-05,5.186e-06,0.0001203,3.855e-05,1.366e-05,0.0001912,3.163e-05,4.477e-05,3.82e-05,0.000107,3.354e-05,0.0003808,3.233e-05,6.379e-05,0.0001293,0.0002029,6.016e-05,0.0001616,0.0001672,0.0001296,0.0001594
0.0001447,0.0009971,0.0005933,0.0006432,0.0005658,0.0005601,0.0004083,0.0001248,0.000322,0.0004403,0.0003006,0.0004894,0.0003238,0.0003148,0.0002479,0.0006278,0.0006724,0.0007699,0.0008363,0.0007463,0.0005741,0.0001921,0.0001575,0.0002341,0.0001974,0.0004144,0.0006237,0.0003476,0.000638,0.0007281,0.000371,0.0004118,0.0001231,3.717e-05,1.919e-05,3.457e-05,1.141e-05,5.013e-06,2.818e-05,2.939e-06,1.037e-06,5.532e-06,2.939e-06,9.957e-05,1.383e-06,9.853e-06,9.387e-05,0.0002406,2.109e-05,5.065e-05,4.408e-05,6.189e-05,4.425e-05,6.016e-05,6.223e-06,4.961e-05,5.169e-05,3.129e-05,0.0001296
0.0006316,0.001181,0.0009568,0.001061,0.0009048,0.0007907,0.0004956,0.0006029,0.0003583,0.0005981,0.0003409,0.0004225,0.0002778,0.0003537,0.0001447,0.0001867,0.0002811,0.0002413,0.0002996,0.0001891,0.0002895,0.0001706,7.399e-05,0.0001214,0.0003753,0.0008851,0.0003594,3.959e-05,0.00028,0.0003037,0.0001896,0.0001405,3.941e-05,2.074e-05,8.643e-06,1.504e-05,7.26e-06,1.279e-05,1.677e-05,1.729e-06,6.915e-07,1.21e-05,9.162e-06,0.0002299,2.662e-05,1.746e-05,0.0002007,0.000525,6.949e-05,0.000645,0.0004743,0.000623,0.000312,0.0001616,4.961e-05,3.492e-05,8.332e-05,4.84e-05,5.877e-05
0.0008133,0.001096,0.0009627,0.0006966,0.0005056,0.0003379,0.0003872,0.0002102,0.0003099,0.0003991,0.0006144,0.000781,0.0005245,0.000343,0.0004036,0.0002944,0.0004555,0.0004631,0.0003309,0.0002405,0.0002482,0.0002866,0.0002142,0.0004709,0.0005179,0.0009138,0.0006061,0.0002923,0.0002707,0.0002698,0.0003592,0.0003597,0.0001298,0.0001041,4.823e-05,0.0002951,9.248e-05,1.227e-05,1.625e-05,0.000241,2.247e-06,1.366e-05,6.206e-05,0.0002766,8.972e-05,8.643e-05,0.000432,0.0006806,0.0003182,0.000864,0.0006835,0.0003682,0.0002901,0.0001672,5.169e-05,8.332e-05,0.0001473,5.964e-05,9.801e-05
0.00073,0.0009442,0.0006144,0.0002356,0.0003032,0.0001466,0.0003355,0.0001715,0.0002341,0.0005255,0.000301,0.0005827,0.0006844,0.0001964,0.0003101,0.0002586,0.0004557,0.0004116,0.0002182,4.615e-05,0.000224,0.0003148,8.747e-05,0.0002686,0.0005236,0.000753,0.0005774,9.162e-05,0.0003004,0.0003376,0.0004785,0.0004107,0.0004491,0.0002908,8.591e-05,0.0004209,0.0002434,1.175e-05,0.0002602,0.0003763,3.475e-05,6.915e-06,0.0002486,0.0002581,4.598e-05,8.246e-05,0.0002992,0.0004845,0.0002667,0.0005086,0.0004775,0.0006185,0.000213,0.0001296,3.129e-05,4.84e-05,5.964e-05,4.218e-05,0.0002806
0.000833,0.0008374,0.0004555,0.0002334,0.000507,0.000201,0.0003523,0.0004183,0.0005656,0.0005808,0.000433,0.0006322,0.0006106,0.0003518,0.000303,0.0002138,0.0003074,0.0002399,0.0004705,0.000371,0.0003281,0.0004009,0.0003791,0.0004595,0.0004977,0.0007397,0.0006316,0.0001689,0.0001722,0.0003715,0.0003888,0.0004598,0.0004591,0.0002246,9.957e-05,0.0002111,0.0001094,3.198e-05,0.0002655,0.0001196,2.904e-05,9.266e-05,0.0001945,0.0002394,3.596e-05,0.0002612,0.0005542,0.0003886,0.0002653,0.0004171,0.0005615,0.0004878,0.0003046,0.0001594,0.0001296,5.877e-05,9.801e-05,0.0002806,0.0004916
