0.004462,0.002367,0.003742,0.002386,0.003123,0.002608,0.002069,0.002897,0.002891,0.003142,0.002225,0.004121,0.0047,0.004853,0.003084,0.00454,0.002826,0.002481,0.002302,0.002815,0.002905,0.002098,0.002945,0.003234
0.004486,0.003742,0.003801,0.003212,0.001537,0.001908,0.001173,0.001589,0.002361,0.002523,0.004315,0.003588,0.003783,0.004636,0.002596,0.004777,0.002736,0.00118,0.0019,0.002241,0.002392,0.002309,0.002736,0.003167
0.004131,0.002386,0.003212,0.002162,0.001286,0.0008248,0.001008,0.001235,0.002236,0.003317,0.00303,0.002203,0.001313,0.004227,0.002185,0.003931,0.001274,0.001322,0.001058,0.003198,0.003223,0.001757,0.003117,0.00124
0.002106,0.003123,0.001537,0.001286,0.002738,0.00064,0.0008622,0.0007326,0.00115,0.002501,0.002287,0.002642,0.002147,0.00481,0.002863,0.004967,0.003843,0.001449,0.000575,0.001198,0.002751,0.00098,0.001327,0.001806
0.001762,0.002608,0.001908,0.0008248,0.00064,0.001153,0.0007428,0.0006064,0.001676,0.001686,0.0005014,0.001511,0.002506,0.003796,0.002524,0.003188,0.002022,0.001577,0.001632,0.0006638,0.001249,0.0001602,0.0007891,0.0005414
0.0009241,0.002069,0.001173,0.001008,0.0008622,0.0007428,0.0003434,0.0007267,0.001808,0.0008567,9.902e-05,0.00197,0.002468,0.004115,0.00223,0.002979,0.002012,0.000793,0.0005707,0.001553,0.0004764,0.0001283,0.0002316,6.204e-05
0.001112,0.002897,0.001589,0.001235,0.0007326,0.0006064,0.0007267,9.604e-05,0.001211,0.001006,0.001923,0.001964,0.001438,0.004451,0.001963,0.002894,0.001846,0.001151,0.0009923,0.001557,0.0002235,0.0002741,0.000835,0.0004377
0.002079,0.002891,0.002361,0.002236,0.00115,0.001676,0.001808,0.001211,0.001671,0.001742,0.002511,0.001617,0.001167,0.003743,0.00164,0.002047,0.0007161,0.001418,0.0002087,0.0001326,0.001922,0.001185,0.0004432,0.001055
0.003347,0.003142,0.002523,0.003317,0.002501,0.001686,0.0008567,0.001006,0.001742,0.001808,0.002186,0.00121,0.001931,0.002059,0.00162,0.002241,0.0006761,0.0002584,3.4e-06,0.0006952,0.001446,0.001464,0.0004925,0.001814
0.004076,0.002225,0.004315,0.00303,0.002287,0.0005014,9.902e-05,0.001923,0.002511,0.002186,0.002166,0.001598,0.001695,0.001896,0.0007823,0.001101,0.001197,0.0006723,0.0005652,0.001035,0.00162,0.001623,0.0009107,0.003521
0.004307,0.004121,0.003588,0.002203,0.002642,0.001511,0.00197,0.001964,0.001617,0.00121,0.001598,0.0009069,0.001777,0.001565,0.001251,0.002834,0.002331,0.001266,0.0008622,0.001609,0.001538,0.001805,0.00397,0.003375
0.005285,0.0047,0.003783,0.001313,0.002147,0.002506,0.002468,0.001438,0.001167,0.001931,0.001695,0.001777,0.001259,0.002948,0.001269,0.00315,0.00267,0.001614,0.0006557,0.001349,0.003171,0.003689,0.003321,0.004461
0.00679,0.004853,0.004636,0.004227,0.00481,0.003796,0.004115,0.004451,0.003743,0.002059,0.001896,0.001565,0.002948,0.003152,0.001705,0.006269,0.003618,0.002159,0.001149,0.002339,0.003473,0.003322,0.00239,0.003333
0.005239,0.003084,0.002596,0.002185,0.002863,0.002524,0.00223,0.001963,0.00164,0.00162,0.0007823,0.001251,0.001269,0.001705,0.003429,0.003194,0.002602,0.002465,0.0008308,0.000997,0.002349,0.001591,0.001498,0.002933
0.007158,0.00454,0.004777,0.003931,0.004967,0.003188,0.002979,0.002894,0.002047,0.002241,0.001101,0.002834,0.00315,0.006269,0.003194,0.002663,0.003448,0.002498,0.001079,0.00109,0.002704,0.002286,0.004358,0.004233
0.003408,0.002826,0.002736,0.001274,0.003843,0.002022,0.002012,0.001846,0.0007161,0.0006761,0.001197,0.002331,0.00267,0.003618,0.002602,0.003448,0.002294,0.001178,0.0001453,0.001811,0.001905,0.0025,0.003188,0.003026
0.002754,0.002481,0.00118,0.001322,0.001449,0.001577,0.000793,0.001151,0.001418,0.0002584,0.0006723,0.001266,0.001614,0.002159,0.002465,0.002498,0.001178,0.0006774,0.0007033,0.001763,0.00171,0.001659,0.0009634,0.001494
0.004429,0.002302,0.0019,0.001058,0.000575,0.001632,0.0005707,0.0009923,0.0002087,3.4e-06,0.0005652,0.0008622,0.0006557,0.001149,0.0008308,0.001079,0.0001453,0.0007033,0.0002856,0.0005044,0.002294,0.002414,0.001079,0.002871
0.003696,0.002815,0.002241,0.003198,0.001198,0.0006638,0.001553,0.001557,0.0001326,0.0006952,0.001035,0.001609,0.001349,0.002339,0.000997,0.00109,0.001811,0.001763,0.0005044,8.839e-05,0.001935,0.002062,0.001226,0.0009171
0.003343,0.002905,0.002392,0.003223,0.002751,0.001249,0.0004764,0.0002235,0.001922,0.001446,0.00162,0.001538,0.003171,0.003473,0.002349,0.002704,0.001905,0.00171,0.002294,0.001935,0.002957,0.00139,0.001352,0.001638
0.001907,0.002098,0.002309,0.001757,0.00098,0.0001602,0.0001283,0.0002741,0.001185,0.001464,0.001623,0.001805,0.003689,0.003322,0.001591,0.002286,0.0025,0.001659,0.002414,0.002062,0.00139,5.014e-05,0.0002524,0.0003323
0.002762,0.002945,0.002736,0.003117,0.001327,0.0007891,0.0002316,0.000835,0.0004432,0.0004925,0.0009107,0.00397,0.003321,0.00239,0.001498,0.004358,0.003188,0.0009634,0.001079,0.001226,0.001352,0.0002524,0.0002278,0.000204
0.001847,0.003234,0.003167,0.00124,0.001806,0.0005414,6.204e-05,0.0004377,0.001055,0.001814,0.003521,0.003375,0.004461,0.003333,0.002933,0.004233,0.003026,0.001494,0.002871,0.0009171,0.001638,0.0003323,0.000204,0.0006595
0.003361,0.004212,0.0042,0.003746,0.001734,0.001477,0.0009421,0.001054,0.001788,0.003101,0.003625,0.004073,0.005059,0.00692,0.005035,0.007304,0.003352,0.002646,0.0042,0.003454,0.003411,0.00163,0.002818,0.001785
