0.001414,0.001574,0.001368,0.001432,0.001824,0.001499,0.002557,0.001936,0.00178,0.001574,0.001528,0.001224,0.001239,0.001354,0.001602,0.00164,0.001606,0.001938,0.001435,0.001629,0.001913,0.001673,0.002561,0.00279,0.002056,0.001958,0.00219,0.001904,0.002143,0.001848,0.001587,0.001925,0.001511,0.001379,0.001365,0.001219,0.0009995,0.001141,0.0009312,0.0007032,0.0008123,0.001293,0.0008469,0.0006479,0.001309,0.001386,0.000995,0.0009959,0.001954,0.001258,0.00164,0.002122,0.002759,0.002522,0.002051,0.002235,0.002038,0.001572,0.001931
0.001574,0.001914,0.001763,0.002196,0.002398,0.002389,0.003284,0.002492,0.001886,0.001684,0.001498,0.001307,0.001623,0.001464,0.001556,0.002054,0.002195,0.002725,0.002231,0.002595,0.002627,0.00246,0.00277,0.003219,0.00321,0.0028,0.002936,0.002168,0.002691,0.002429,0.001867,0.002669,0.00201,0.001538,0.001588,0.00158,0.001012,0.00116,0.0007974,0.0008303,0.0009352,0.001421,0.0009068,0.0007485,0.001661,0.001694,0.001589,0.001702,0.00244,0.001917,0.002652,0.00308,0.00301,0.002864,0.002461,0.00233,0.002228,0.001588,0.001766
0.001368,0.001763,0.002126,0.002583,0.002533,0.002793,0.003185,0.001966,0.00199,0.002009,0.002289,0.001678,0.001638,0.001138,0.00167,0.002155,0.002416,0.00251,0.001909,0.002003,0.002276,0.002328,0.002259,0.002855,0.002592,0.002295,0.002249,0.001912,0.002728,0.00198,0.00128,0.002079,0.001803,0.001481,0.001134,0.001168,0.001236,0.0009694,0.0005506,0.0008614,0.0008966,0.001033,0.0006017,0.000739,0.001477,0.001387,0.001296,0.001268,0.002737,0.00164,0.002837,0.003134,0.003843,0.003711,0.002846,0.002359,0.001775,0.001477,0.001914
0.001432,0.002196,0.002583,0.002868,0.002755,0.002795,0.003161,0.001802,0.001462,0.001277,0.001786,0.0009253,0.001273,0.001553,0.001336,0.002065,0.002294,0.002633,0.001964,0.001699,0.001713,0.001691,0.002162,0.002402,0.001861,0.002012,0.001943,0.002107,0.002536,0.002254,0.001722,0.002333,0.001767,0.001375,0.0011,0.001051,0.0007056,0.0006353,0.0004233,0.0003827,0.0006095,0.0006469,0.0003297,0.0007326,0.00161,0.001454,0.001455,0.001374,0.002867,0.002079,0.002908,0.003517,0.003808,0.003681,0.002962,0.002361,0.002146,0.001796,0.001922
0.001824,0.002398,0.002533,0.002755,0.002473,0.00258,0.002254,0.0012,0.001058,0.001213,0.001406,0.0008161,0.001016,0.001527,0.001366,0.001762,0.001882,0.002325,0.001621,0.001413,0.001217,0.001109,0.001134,0.001608,0.001056,0.001778,0.001555,0.001666,0.002728,0.002398,0.001915,0.002283,0.001768,0.001352,0.001041,0.001004,0.0007893,0.0006399,0.0002297,0.0003936,0.0006227,0.0006417,0.0002337,0.0008258,0.001535,0.001317,0.00122,0.00145,0.002812,0.00199,0.002663,0.00312,0.003716,0.003879,0.002777,0.002497,0.002413,0.001835,0.001979
0.001499,0.002389,0.002793,0.002795,0.00258,0.002265,0.002094,0.001131,0.0009259,0.0009905,0.0008934,0.0005312,0.0007986,0.0009253,0.000803,0.002066,0.002068,0.002439,0.001995,0.0016,0.001632,0.001319,0.001871,0.001769,0.001724,0.001792,0.002089,0.002451,0.002571,0.002257,0.001693,0.002195,0.001733,0.0009758,0.0008119,0.001211,0.0007405,0.0003717,0.000335,0.000442,0.0006484,0.0005383,0.0004633,0.000711,0.001034,0.001574,0.001389,0.001527,0.003173,0.002388,0.003278,0.003624,0.003648,0.00405,0.002667,0.002648,0.002279,0.001137,0.001758
0.002557,0.003284,0.003185,0.003161,0.002254,0.002094,0.002478,0.001333,0.001163,0.0011,0.001011,0.0008641,0.0008705,0.001265,0.0009971,0.001859,0.001974,0.001957,0.002197,0.001798,0.001713,0.001457,0.001578,0.001807,0.001569,0.001885,0.001922,0.001707,0.002104,0.001963,0.001572,0.001851,0.001298,0.000995,0.0009146,0.001093,0.0006913,0.0004785,0.0006804,0.000753,0.0005361,0.0006496,0.0007022,0.0006609,0.001231,0.001382,0.001931,0.002303,0.003062,0.003156,0.004031,0.004012,0.003573,0.004274,0.003309,0.0029,0.002307,0.00144,0.001924
0.001936,0.002492,0.001966,0.001802,0.0012,0.001131,0.001333,0.0009649,0.00117,0.0007791,0.00122,0.0008821,0.001094,0.001429,0.001322,0.001634,0.001641,0.001702,0.001852,0.001453,0.001579,0.001219,0.001485,0.001326,0.001401,0.001635,0.001557,0.00169,0.002516,0.00219,0.001557,0.002009,0.001419,0.001073,0.0009556,0.001165,0.000771,0.0005993,0.0007518,0.0007501,0.0007108,0.0007673,0.0007926,0.0008493,0.001299,0.001016,0.001087,0.001626,0.002151,0.002162,0.003202,0.003553,0.003432,0.003555,0.002485,0.001925,0.001686,0.001521,0.001881
0.00178,0.001886,0.00199,0.001462,0.001058,0.0009259,0.001163,0.00117,0.0008709,0.0006434,0.001457,0.0007056,0.00106,0.00141,0.001104,0.001578,0.001382,0.001585,0.001376,0.001277,0.001531,0.001235,0.001098,0.00114,0.0009495,0.001289,0.001359,0.001573,0.002079,0.002402,0.001712,0.001681,0.00125,0.0008119,0.0008128,0.0008237,0.0007957,0.000701,0.001041,0.0008016,0.0009229,0.0009891,0.0009933,0.0008697,0.001198,0.001434,0.001047,0.001473,0.001945,0.002198,0.002588,0.003008,0.003172,0.002939,0.002177,0.001872,0.001903,0.001307,0.001741
0.001574,0.001684,0.002009,0.001277,0.001213,0.0009905,0.0011,0.0007791,0.0006434,0.000734,0.001136,0.0005741,0.0008265,0.001217,0.0006915,0.001681,0.001391,0.001342,0.001113,0.001005,0.001617,0.001461,0.00115,0.001392,0.001065,0.001362,0.0015,0.001416,0.001964,0.002513,0.001999,0.001945,0.001264,0.0007895,0.0004837,0.0007734,0.0007786,0.0006543,0.0007843,0.0007198,0.0008828,0.001261,0.0009542,0.0007257,0.001435,0.001429,0.0009172,0.001361,0.002269,0.00187,0.00246,0.002992,0.003341,0.003321,0.0023,0.001855,0.002138,0.001366,0.001509
0.001528,0.001498,0.002289,0.001786,0.001406,0.0008934,0.001011,0.00122,0.001457,0.001136,0.00114,0.0006882,0.0009717,0.001262,0.0008166,0.001821,0.001643,0.001231,0.001283,0.001029,0.001208,0.001149,0.001241,0.001509,0.0009323,0.001241,0.001637,0.001224,0.0023,0.002262,0.001511,0.0024,0.001461,0.0008875,0.0005196,0.0008444,0.0009404,0.0007132,0.0007616,0.0005504,0.0009993,0.001124,0.0008457,0.0005241,0.001215,0.001214,0.000772,0.0007777,0.001632,0.001291,0.00193,0.00237,0.002917,0.003344,0.002203,0.001762,0.001734,0.001392,0.001678
0.001224,0.001307,0.001678,0.0009253,0.0008161,0.0005312,0.0008641,0.0008821,0.0007056,0.0005741,0.0006882,0.0003084,0.0008488,0.0006678,0.0005592,0.001047,0.001168,0.001067,0.0012,0.001175,0.001644,0.001583,0.001214,0.001695,0.001358,0.001677,0.001223,0.001375,0.002143,0.002116,0.001572,0.001941,0.001379,0.001002,0.001107,0.001081,0.001217,0.001095,0.00123,0.001043,0.001183,0.001576,0.001165,0.001396,0.001495,0.001421,0.00105,0.001638,0.002005,0.001631,0.001887,0.002265,0.002619,0.003118,0.002404,0.002049,0.002195,0.001619,0.001571
0.001239,0.001623,0.001638,0.001273,0.001016,0.0007986,0.0008705,0.001094,0.00106,0.0008265,0.0009717,0.0008488,0.001197,0.000883,0.0009656,0.001501,0.001441,0.001331,0.001399,0.001215,0.00141,0.00115,0.001367,0.002074,0.001799,0.001759,0.001735,0.001897,0.002129,0.002249,0.002317,0.002142,0.001623,0.001696,0.00193,0.002009,0.001407,0.001729,0.001566,0.001313,0.001317,0.001773,0.001278,0.001028,0.001401,0.001658,0.00125,0.0008934,0.001656,0.001137,0.001501,0.001822,0.002193,0.002568,0.001985,0.001491,0.002115,0.001688,0.001522
0.001354,0.001464,0.001138,0.001553,0.001527,0.0009253,0.001265,0.001429,0.00141,0.001217,0.001262,0.0006678,0.000883,0.0009808,0.0009082,0.00141,0.001305,0.001091,0.0008645,0.0007941,0.001266,0.001137,0.001293,0.001233,0.000847,0.001181,0.001573,0.001452,0.002022,0.002176,0.00154,0.001669,0.001494,0.001482,0.001359,0.0009563,0.001157,0.001161,0.001028,0.0007125,0.0009817,0.001234,0.001048,0.0006403,0.001229,0.001392,0.0009314,0.0006085,0.001237,0.0009501,0.001365,0.00208,0.002492,0.002854,0.002197,0.001508,0.001845,0.001948,0.001844
0.001602,0.001556,0.00167,0.001336,0.001366,0.000803,0.0009971,0.001322,0.001104,0.0006915,0.0008166,0.0005592,0.0009656,0.0009082,0.0006769,0.001329,0.001288,0.0009345,0.000763,0.0008031,0.0008769,0.0006329,0.0007623,0.0007165,0.0008987,0.0006259,0.0008987,0.001162,0.001399,0.001613,0.00141,0.001971,0.001499,0.001417,0.001109,0.0007732,0.001514,0.001428,0.001135,0.0009084,0.001321,0.001173,0.001107,0.001033,0.001083,0.001057,0.0008159,0.0006517,0.0009357,0.0009751,0.001782,0.002464,0.002629,0.002849,0.002,0.001441,0.001526,0.001809,0.001692
0.00164,0.002054,0.002155,0.002065,0.001762,0.002066,0.001859,0.001634,0.001578,0.001681,0.001821,0.001047,0.001501,0.00141,0.001329,0.001346,0.001284,0.0009181,0.0003506,0.0003421,0.0007304,0.0004949,0.0006648,0.0004489,0.0007703,0.0003978,0.0008406,0.0007672,0.00146,0.001243,0.0009763,0.00179,0.001514,0.001624,0.00148,0.0007082,0.001341,0.001361,0.001228,0.0008802,0.001028,0.001254,0.001135,0.001006,0.001297,0.001677,0.0009145,0.001048,0.001449,0.001017,0.001999,0.002629,0.002752,0.002967,0.001771,0.002128,0.001729,0.001612,0.001509
0.001606,0.002195,0.002416,0.002294,0.001882,0.002068,0.001974,0.001641,0.001382,0.001391,0.001643,0.001168,0.001441,0.001305,0.001288,0.001284,0.0008605,0.0007084,0.0003167,0.0005675,0.0006213,0.00038,0.001028,0.0008904,0.0008818,0.000777,0.0008418,0.0008341,0.001824,0.001907,0.001857,0.001736,0.001425,0.00131,0.001373,0.001031,0.0009924,0.001349,0.001112,0.0007366,0.0008301,0.001046,0.0004519,0.0004631,0.0009444,0.001024,0.0006873,0.0002965,0.001507,0.0009656,0.002325,0.002772,0.002933,0.002759,0.00167,0.001843,0.001373,0.001188,0.001443
0.001938,0.002725,0.00251,0.002633,0.002325,0.002439,0.001957,0.001702,0.001585,0.001342,0.001231,0.001067,0.001331,0.001091,0.0009345,0.0009181,0.0007084,0.0005933,0.0005321,0.0006187,0.0008315,0.0005195,0.0007893,0.0008635,0.0008972,0.001113,0.0005718,0.0008054,0.001098,0.001367,0.001418,0.002,0.001915,0.001673,0.001354,0.001063,0.001274,0.001669,0.0009399,0.000763,0.00116,0.001291,0.0008474,0.0007511,0.001149,0.001158,0.0009049,0.0008256,0.001551,0.001306,0.001934,0.002601,0.002539,0.002245,0.001876,0.001288,0.001481,0.001259,0.001322
0.001435,0.002231,0.001909,0.001964,0.001621,0.001995,0.002197,0.001852,0.001376,0.001113,0.001283,0.0012,0.001399,0.0008645,0.000763,0.0003506,0.0003167,0.0005321,0.0003053,0.0005779,0.0008361,0.0007155,0.001254,0.001265,0.0008984,0.001598,0.001127,0.00127,0.001167,0.001176,0.001304,0.00177,0.001919,0.00181,0.001438,0.001021,0.001312,0.001367,0.001001,0.0009195,0.00129,0.001364,0.0007143,0.0006925,0.001337,0.001388,0.0006702,0.0007978,0.001367,0.001372,0.001748,0.002188,0.002363,0.002184,0.001346,0.001211,0.001473,0.001612,0.001544
0.001629,0.002595,0.002003,0.001699,0.001413,0.0016,0.001798,0.001453,0.001277,0.001005,0.001029,0.001175,0.001215,0.0007941,0.0008031,0.0003421,0.0005675,0.0006187,0.0005779,0.0004978,0.0008156,0.0006221,0.0008253,0.0009639,0.000642,0.0007549,0.0005226,0.000782,0.0008825,0.001232,0.00128,0.001704,0.001666,0.001506,0.001256,0.00109,0.001221,0.001201,0.0008237,0.0009487,0.001283,0.001134,0.0008334,0.0009582,0.001445,0.001161,0.0009549,0.001128,0.001462,0.001587,0.001827,0.002033,0.001859,0.002018,0.001466,0.0009782,0.001101,0.001356,0.001225
0.001913,0.002627,0.002276,0.001713,0.001217,0.001632,0.001713,0.001579,0.001531,0.001617,0.001208,0.001644,0.00141,0.001266,0.0008769,0.0007304,0.0006213,0.0008315,0.0008361,0.0008156,0.001142,0.0009936,0.00112,0.001117,0.0009654,0.001109,0.0009665,0.001112,0.001058,0.001321,0.001542,0.00182,0.002098,0.002001,0.001624,0.001184,0.001354,0.001587,0.001009,0.001103,0.001312,0.001395,0.001061,0.001149,0.001493,0.001305,0.0009108,0.001261,0.001911,0.002054,0.002328,0.002371,0.00205,0.002095,0.002183,0.001597,0.001402,0.001473,0.001717
0.001673,0.00246,0.002328,0.001691,0.001109,0.001319,0.001457,0.001219,0.001235,0.001461,0.001149,0.001583,0.00115,0.001137,0.0006329,0.0004949,0.00038,0.0005195,0.0007155,0.0006221,0.0009936,0.0006569,0.0008628,0.0009447,0.001032,0.0009153,0.000869,0.0009929,0.0009374,0.001031,0.001215,0.00139,0.001756,0.001942,0.001736,0.001269,0.001567,0.001776,0.001056,0.001194,0.00148,0.001454,0.0009288,0.001041,0.001042,0.0009316,0.0008097,0.001215,0.001536,0.001862,0.001861,0.001988,0.001773,0.001815,0.001768,0.001156,0.001721,0.00143,0.001724
0.002561,0.00277,0.002259,0.002162,0.001134,0.001871,0.001578,0.001485,0.001098,0.00115,0.001241,0.001214,0.001367,0.001293,0.0007623,0.0006648,0.001028,0.0007893,0.001254,0.0008253,0.00112,0.0008628,0.001494,0.001128,0.001066,0.001162,0.00115,0.001115,0.001106,0.001358,0.001161,0.001524,0.001677,0.001333,0.0008818,0.001067,0.001493,0.0009043,0.0005106,0.001025,0.0009195,0.0009547,0.0004,0.0008171,0.000805,0.0004959,0.0006173,0.0007513,0.001287,0.001394,0.001586,0.001811,0.001893,0.002577,0.001833,0.001072,0.001634,0.001508,0.001651
0.00279,0.003219,0.002855,0.002402,0.001608,0.001769,0.001807,0.001326,0.00114,0.001392,0.001509,0.001695,0.002074,0.001233,0.0007165,0.0004489,0.0008904,0.0008635,0.001265,0.0009639,0.001117,0.0009447,0.001128,0.001072,0.001209,0.001735,0.001032,0.001152,0.001147,0.001453,0.001138,0.00188,0.001972,0.002024,0.001395,0.000966,0.001688,0.001532,0.0009191,0.0008906,0.001499,0.001245,0.0004017,0.001038,0.001148,0.0007539,0.0006667,0.001019,0.001449,0.001453,0.001572,0.001699,0.001537,0.002146,0.001654,0.001347,0.001742,0.001633,0.001386
0.002056,0.00321,0.002592,0.001861,0.001056,0.001724,0.001569,0.001401,0.0009495,0.001065,0.0009323,0.001358,0.001799,0.000847,0.0008987,0.0007703,0.0008818,0.0008972,0.0008984,0.000642,0.0009654,0.001032,0.001066,0.001209,0.001453,0.001226,0.0009081,0.001401,0.001414,0.001633,0.001515,0.001682,0.00192,0.002185,0.002084,0.0009196,0.001748,0.001553,0.0009912,0.00071,0.001261,0.001272,0.0006183,0.0008892,0.001158,0.001006,0.0007284,0.001112,0.00124,0.0016,0.001528,0.001625,0.001841,0.002036,0.001712,0.001423,0.001644,0.001457,0.001713
0.001958,0.0028,0.002295,0.002012,0.001778,0.001792,0.001885,0.001635,0.001289,0.001362,0.001241,0.001677,0.001759,0.001181,0.0006259,0.0003978,0.000777,0.001113,0.001598,0.0007549,0.001109,0.0009153,0.001162,0.001735,0.001226,0.001279,0.001333,0.001226,0.001573,0.001544,0.001409,0.001868,0.001792,0.001628,0.001328,0.001006,0.001564,0.001664,0.001123,0.0008581,0.001709,0.001598,0.0007542,0.0009867,0.001866,0.001439,0.001179,0.0014,0.001694,0.002033,0.002272,0.002685,0.001965,0.002926,0.002383,0.00191,0.002138,0.00193,0.001673
0.00219,0.002936,0.002249,0.001943,0.001555,0.002089,0.001922,0.001557,0.001359,0.0015,0.001637,0.001223,0.001735,0.001573,0.0008987,0.0008406,0.0008418,0.0005718,0.001127,0.0005226,0.0009665,0.000869,0.00115,0.001032,0.0009081,0.001333,0.00122,0.001222,0.001417,0.001094,0.0009089,0.001089,0.001397,0.001484,0.001283,0.000873,0.002148,0.001687,0.001137,0.001525,0.002015,0.001664,0.00101,0.001321,0.002103,0.001344,0.001274,0.00177,0.002108,0.002331,0.002399,0.002103,0.00183,0.002587,0.00257,0.002039,0.002285,0.002327,0.002187
0.001904,0.002168,0.001912,0.002107,0.001666,0.002451,0.001707,0.00169,0.001573,0.001416,0.001224,0.001375,0.001897,0.001452,0.001162,0.0007672,0.0008341,0.0008054,0.00127,0.000782,0.001112,0.0009929,0.001115,0.001152,0.001401,0.001226,0.001222,0.001073,0.001389,0.001291,0.001175,0.001123,0.001545,0.001718,0.001188,0.0009285,0.001858,0.001639,0.001065,0.001137,0.0017,0.001378,0.0008316,0.001242,0.001394,0.0009869,0.001071,0.001657,0.001173,0.00184,0.001713,0.001592,0.001223,0.001319,0.001703,0.001419,0.001588,0.001759,0.001358
0.002143,0.002691,0.002728,0.002536,0.002728,0.002571,0.002104,0.002516,0.002079,0.001964,0.0023,0.002143,0.002129,0.002022,0.001399,0.00146,0.001824,0.001098,0.001167,0.0008825,0.001058,0.0009374,0.001106,0.001147,0.001414,0.001573,0.001417,0.001389,0.001489,0.001645,0.001608,0.00133,0.001439,0.001286,0.0009622,0.0008099,0.00157,0.001533,0.0007772,0.0008614,0.001455,0.0009651,0.0008221,0.001308,0.001717,0.001225,0.00107,0.00169,0.002011,0.002341,0.002455,0.002604,0.002201,0.002514,0.002592,0.001945,0.001996,0.00155,0.001654
0.001848,0.002429,0.00198,0.002254,0.002398,0.002257,0.001963,0.00219,0.002402,0.002513,0.002262,0.002116,0.002249,0.002176,0.001613,0.001243,0.001907,0.001367,0.001176,0.001232,0.001321,0.001031,0.001358,0.001453,0.001633,0.001544,0.001094,0.001291,0.001645,0.001448,0.00124,0.001046,0.001211,0.001415,0.00121,0.0008652,0.001445,0.001707,0.001008,0.00136,0.001542,0.001336,0.001087,0.001598,0.001961,0.001344,0.001143,0.001847,0.002321,0.001932,0.002353,0.002226,0.00182,0.001844,0.00234,0.001729,0.001972,0.001622,0.001309
0.001587,0.001867,0.00128,0.001722,0.001915,0.001693,0.001572,0.001557,0.001712,0.001999,0.001511,0.001572,0.002317,0.00154,0.00141,0.0009763,0.001857,0.001418,0.001304,0.00128,0.001542,0.001215,0.001161,0.001138,0.001515,0.001409,0.0009089,0.001175,0.001608,0.00124,0.0009594,0.001193,0.001267,0.001378,0.001008,0.001094,0.001933,0.001346,0.001179,0.001332,0.00179,0.001407,0.001207,0.001717,0.001986,0.001294,0.001194,0.001775,0.001331,0.001803,0.001505,0.001511,0.0009406,0.001393,0.001984,0.001514,0.001646,0.001483,0.001231
0.001925,0.002669,0.002079,0.002333,0.002283,0.002195,0.001851,0.002009,0.001681,0.001945,0.0024,0.001941,0.002142,0.001669,0.001971,0.00179,0.001736,0.002,0.00177,0.001704,0.00182,0.00139,0.001524,0.00188,0.001682,0.001868,0.001089,0.001123,0.00133,0.001046,0.001193,0.001169,0.001395,0.001722,0.001462,0.001144,0.001899,0.001833,0.001295,0.001441,0.001866,0.001497,0.001128,0.0016,0.001748,0.001086,0.001183,0.001493,0.001214,0.001656,0.00151,0.001422,0.001091,0.001304,0.001422,0.001411,0.001709,0.001468,0.001318
0.001511,0.00201,0.001803,0.001767,0.001768,0.001733,0.001298,0.001419,0.00125,0.001264,0.001461,0.001379,0.001623,0.001494,0.001499,0.001514,0.001425,0.001915,0.001919,0.001666,0.002098,0.001756,0.001677,0.001972,0.00192,0.001792,0.001397,0.001545,0.001439,0.001211,0.001267,0.001395,0.00206,0.002382,0.001848,0.001575,0.002275,0.002068,0.001652,0.002081,0.002076,0.001747,0.001612,0.001917,0.001752,0.001347,0.001642,0.001185,0.0007798,0.001327,0.001183,0.001542,0.001037,0.0009587,0.0008965,0.001118,0.00167,0.001791,0.001423
0.001379,0.001538,0.001481,0.001375,0.001352,0.0009758,0.000995,0.001073,0.0008119,0.0007895,0.0008875,0.001002,0.001696,0.001482,0.001417,0.001624,0.00131,0.001673,0.00181,0.001506,0.002001,0.001942,0.001333,0.002024,0.002185,0.001628,0.001484,0.001718,0.001286,0.001415,0.001378,0.001722,0.002382,0.002596,0.002088,0.001806,0.002388,0.002107,0.001734,0.002151,0.002166,0.001605,0.001921,0.00196,0.001495,0.001236,0.001829,0.001179,0.0005694,0.00117,0.0008683,0.001033,0.0006887,0.000813,0.0007183,0.0006135,0.001173,0.001584,0.001366
0.001365,0.001588,0.001134,0.0011,0.001041,0.0008119,0.0009146,0.0009556,0.0008128,0.0004837,0.0005196,0.001107,0.00193,0.001359,0.001109,0.00148,0.001373,0.001354,0.001438,0.001256,0.001624,0.001736,0.0008818,0.001395,0.002084,0.001328,0.001283,0.001188,0.0009622,0.00121,0.001008,0.001462,0.001848,0.002088,0.001403,0.00109,0.002266,0.001947,0.001313,0.001421,0.001797,0.001271,0.001508,0.001382,0.001525,0.0009307,0.001501,0.00103,0.0006572,0.001285,0.001097,0.001129,0.0008965,0.0009509,0.001171,0.0005853,0.001132,0.001584,0.001353
0.001219,0.00158,0.001168,0.001051,0.001004,0.001211,0.001093,0.001165,0.0008237,0.0007734,0.0008444,0.001081,0.002009,0.0009563,0.0007732,0.0007082,0.001031,0.001063,0.001021,0.00109,0.001184,0.001269,0.001067,0.000966,0.0009196,0.001006,0.000873,0.0009285,0.0008099,0.0008652,0.001094,0.001144,0.001575,0.001806,0.00109,0.0007599,0.001789,0.001535,0.0009767,0.00123,0.001462,0.00106,0.0009151,0.001215,0.001478,0.0007084,0.001197,0.001166,0.0005473,0.001378,0.001032,0.001364,0.000752,0.0009981,0.001083,0.000613,0.001007,0.001337,0.001339
0.0009995,0.001012,0.001236,0.0007056,0.0007893,0.0007405,0.0006913,0.000771,0.0007957,0.0007786,0.0009404,0.001217,0.001407,0.001157,0.001514,0.001341,0.0009924,0.001274,0.001312,0.001221,0.001354,0.001567,0.001493,0.001688,0.001748,0.001564,0.002148,0.001858,0.00157,0.001445,0.001933,0.001899,0.002275,0.002388,0.002266,0.001789,0.001883,0.001905,0.001647,0.001795,0.001418,0.001096,0.001822,0.001741,0.000693,0.001026,0.00169,0.001178,0.000302,0.0006614,0.0002726,0.0005067,0.000275,0.0006178,0.0003373,0.0002738,0.0006233,0.001093,0.001014
0.001141,0.00116,0.0009694,0.0006353,0.0006399,0.0003717,0.0004785,0.0005993,0.000701,0.0006543,0.0007132,0.001095,0.001729,0.001161,0.001428,0.001361,0.001349,0.001669,0.001367,0.001201,0.001587,0.001776,0.0009043,0.001532,0.001553,0.001664,0.001687,0.001639,0.001533,0.001707,0.001346,0.001833,0.002068,0.002107,0.001947,0.001535,0.001905,0.001646,0.001283,0.001659,0.001265,0.0006603,0.001543,0.001681,0.0007245,0.0007907,0.001549,0.001257,0.0006593,0.0008531,0.0007317,0.0005957,0.0004379,0.0002261,0.0002873,0.0003824,0.0004641,0.0008728,0.0008151
0.0009312,0.0007974,0.0005506,0.0004233,0.0002297,0.000335,0.0006804,0.0007518,0.001041,0.0007843,0.0007616,0.00123,0.001566,0.001028,0.001135,0.001228,0.001112,0.0009399,0.001001,0.0008237,0.001009,0.001056,0.0005106,0.0009191,0.0009912,0.001123,0.001137,0.001065,0.0007772,0.001008,0.001179,0.001295,0.001652,0.001734,0.001313,0.0009767,0.001647,0.001283,0.000976,0.001327,0.001217,0.0006654,0.0009915,0.001163,0.0008508,0.000841,0.0008578,0.0008569,0.0009836,0.001229,0.00139,0.001234,0.0007042,0.0008201,0.0009419,0.0006685,0.0008894,0.0007532,0.0008462
0.0007032,0.0008303,0.0008614,0.0003827,0.0003936,0.000442,0.000753,0.0007501,0.0008016,0.0007198,0.0005504,0.001043,0.001313,0.0007125,0.0009084,0.0008802,0.0007366,0.000763,0.0009195,0.0009487,0.001103,0.001194,0.001025,0.0008906,0.00071,0.0008581,0.001525,0.001137,0.0008614,0.00136,0.001332,0.001441,0.002081,0.002151,0.001421,0.00123,0.001795,0.001659,0.001327,0.001417,0.001345,0.001243,0.001224,0.001243,0.001054,0.0008114,0.0009874,0.0009729,0.0002553,0.0008095,0.0004987,0.0005404,0.0002724,0.0003599,0.0006142,0.00054,0.0008586,0.001185,0.001114
0.0008123,0.0009352,0.0008966,0.0006095,0.0006227,0.0006484,0.0005361,0.0007108,0.0009229,0.0008828,0.0009993,0.001183,0.001317,0.0009817,0.001321,0.001028,0.0008301,0.00116,0.00129,0.001283,0.001312,0.00148,0.0009195,0.001499,0.001261,0.001709,0.002015,0.0017,0.001455,0.001542,0.00179,0.001866,0.002076,0.002166,0.001797,0.001462,0.001418,0.001265,0.001217,0.001345,0.001024,0.0008453,0.00136,0.001421,0.0005355,0.0008377,0.001368,0.001183,0.0002226,0.0005399,0.0003706,0.0004531,0.0002216,0.0003172,0.0001889,0.0004417,0.0008434,0.00106,0.001157
0.001293,0.001421,0.001033,0.0006469,0.0006417,0.0005383,0.0006496,0.0007673,0.0009891,0.001261,0.001124,0.001576,0.001773,0.001234,0.001173,0.001254,0.001046,0.001291,0.001364,0.001134,0.001395,0.001454,0.0009547,0.001245,0.001272,0.001598,0.001664,0.001378,0.0009651,0.001336,0.001407,0.001497,0.001747,0.001605,0.001271,0.00106,0.001096,0.0006603,0.0006654,0.001243,0.0008453,0.0002883,0.0009447,0.001202,0.0005718,0.0003127,0.001212,0.001085,0.0005869,0.001142,0.0009369,0.0009705,0.0005786,0.0004176,0.0001997,0.0002446,0.0003352,0.0005851,0.0008629
0.0008469,0.0009068,0.0006017,0.0003297,0.0002337,0.0004633,0.0007022,0.0007926,0.0009933,0.0009542,0.0008457,0.001165,0.001278,0.001048,0.001107,0.001135,0.0004519,0.0008474,0.0007143,0.0008334,0.001061,0.0009288,0.0004,0.0004017,0.0006183,0.0007542,0.00101,0.0008316,0.0008221,0.001087,0.001207,0.001128,0.001612,0.001921,0.001508,0.0009151,0.001822,0.001543,0.0009915,0.001224,0.00136,0.0009447,0.000893,0.001151,0.0008482,0.000558,0.0006501,0.0008118,0.000353,0.0007278,0.0009679,0.0009388,0.0004496,0.0003692,0.0004085,0.0005103,0.001076,0.001132,0.001419
0.0006479,0.0007485,0.000739,0.0007326,0.0008258,0.000711,0.0006609,0.0008493,0.0008697,0.0007257,0.0005241,0.001396,0.001028,0.0006403,0.001033,0.001006,0.0004631,0.0007511,0.0006925,0.0009582,0.001149,0.001041,0.0008171,0.001038,0.0008892,0.0009867,0.001321,0.001242,0.001308,0.001598,0.001717,0.0016,0.001917,0.00196,0.001382,0.001215,0.001741,0.001681,0.001163,0.001243,0.001421,0.001202,0.001151,0.001121,0.001158,0.000884,0.000813,0.0006773,0.0005442,0.0004406,0.0004019,0.0003295,0.0001675,0.0004474,0.0005022,0.0007826,0.001297,0.001462,0.001241
0.001309,0.001661,0.001477,0.00161,0.001535,0.001034,0.001231,0.001299,0.001198,0.001435,0.001215,0.001495,0.001401,0.001229,0.001083,0.001297,0.0009444,0.001149,0.001337,0.001445,0.001493,0.001042,0.000805,0.001148,0.001158,0.001866,0.002103,0.001394,0.001717,0.001961,0.001986,0.001748,0.001752,0.001495,0.001525,0.001478,0.000693,0.0007245,0.0008508,0.001054,0.0005355,0.0005718,0.0008482,0.001158,0.0003654,0.0005908,0.0009642,0.0009606,0.0003853,0.0008491,0.000558,0.000618,0.0003729,0.0004093,0.0003131,0.0007196,0.001006,0.0009122,0.001119
0.001386,0.001694,0.001387,0.001454,0.001317,0.001574,0.001382,0.001016,0.001434,0.001429,0.001214,0.001421,0.001658,0.001392,0.001057,0.001677,0.001024,0.001158,0.001388,0.001161,0.001305,0.0009316,0.0004959,0.0007539,0.001006,0.001439,0.001344,0.0009869,0.001225,0.001344,0.001294,0.001086,0.001347,0.001236,0.0009307,0.0007084,0.001026,0.0007907,0.000841,0.0008114,0.0008377,0.0003127,0.000558,0.000884,0.0005908,0.0001286,0.0003473,0.0008434,0.000461,0.0009717,0.001006,0.001199,0.0009618,0.0005748,0.0002925,0.0007796,0.0008654,0.0008579,0.001376
0.000995,0.001589,0.001296,0.001455,0.00122,0.001389,0.001931,0.001087,0.001047,0.0009172,0.000772,0.00105,0.00125,0.0009314,0.0008159,0.0009145,0.0006873,0.0009049,0.0006702,0.0009549,0.0009108,0.0008097,0.0006173,0.0006667,0.0007284,0.001179,0.001274,0.001071,0.00107,0.001143,0.001194,0.001183,0.001642,0.001829,0.001501,0.001197,0.00169,0.001549,0.0008578,0.0009874,0.001368,0.001212,0.0006501,0.000813,0.0009642,0.0003473,0.0005207,0.0004453,0.0004906,0.0006175,0.0008809,0.0009973,0.0007022,0.0007227,0.0006043,0.0009433,0.001006,0.00125,0.001538
0.0009959,0.001702,0.001268,0.001374,0.00145,0.001527,0.002303,0.001626,0.001473,0.001361,0.0007777,0.001638,0.0008934,0.0006085,0.0006517,0.001048,0.0002965,0.0008256,0.0007978,0.001128,0.001261,0.001215,0.0007513,0.001019,0.001112,0.0014,0.00177,0.001657,0.00169,0.001847,0.001775,0.001493,0.001185,0.001179,0.00103,0.001166,0.001178,0.001257,0.0008569,0.0009729,0.001183,0.001085,0.0008118,0.0006773,0.0009606,0.0008434,0.0004453,0.0002482,0.0006572,0.0003079,0.000366,0.0002531,0.0004965,0.000878,0.0008221,0.001204,0.001322,0.001327,0.001623
0.001954,0.00244,0.002737,0.002867,0.002812,0.003173,0.003062,0.002151,0.001945,0.002269,0.001632,0.002005,0.001656,0.001237,0.0009357,0.001449,0.001507,0.001551,0.001367,0.001462,0.001911,0.001536,0.001287,0.001449,0.00124,0.001694,0.002108,0.001173,0.002011,0.002321,0.001331,0.001214,0.0007798,0.0005694,0.0006572,0.0005473,0.000302,0.0006593,0.0009836,0.0002553,0.0002226,0.0005869,0.000353,0.0005442,0.0003853,0.000461,0.0004906,0.0006572,0.0001417,0.0008543,0.000729,0.0008761,0.000525,0.0005087,0.0004894,0.001006,0.001222,0.0008667,0.001125
0.001258,0.001917,0.00164,0.002079,0.00199,0.002388,0.003156,0.002162,0.002198,0.00187,0.001291,0.001631,0.001137,0.0009501,0.0009751,0.001017,0.0009656,0.001306,0.001372,0.001587,0.002054,0.001862,0.001394,0.001453,0.0016,0.002033,0.002331,0.00184,0.002341,0.001932,0.001803,0.001656,0.001327,0.00117,0.001285,0.001378,0.0006614,0.0008531,0.001229,0.0008095,0.0005399,0.001142,0.0007278,0.0004406,0.0008491,0.0009717,0.0006175,0.0003079,0.0008543,0.0001853,0.0002595,0.0004394,0.0007195,0.001349,0.001076,0.001568,0.00146,0.001344,0.001832
0.00164,0.002652,0.002837,0.002908,0.002663,0.003278,0.004031,0.003202,0.002588,0.00246,0.00193,0.001887,0.001501,0.001365,0.001782,0.001999,0.002325,0.001934,0.001748,0.001827,0.002328,0.001861,0.001586,0.001572,0.001528,0.002272,0.002399,0.001713,0.002455,0.002353,0.001505,0.00151,0.001183,0.0008683,0.001097,0.001032,0.0002726,0.0007317,0.00139,0.0004987,0.0003706,0.0009369,0.0009679,0.0004019,0.000558,0.001006,0.0008809,0.000366,0.000729,0.0002595,0.0005314,0.0008228,0.0005103,0.001323,0.0008332,0.001423,0.001534,0.001502,0.001838
0.002122,0.00308,0.003134,0.003517,0.00312,0.003624,0.004012,0.003553,0.003008,0.002992,0.00237,0.002265,0.001822,0.00208,0.002464,0.002629,0.002772,0.002601,0.002188,0.002033,0.002371,0.001988,0.001811,0.001699,0.001625,0.002685,0.002103,0.001592,0.002604,0.002226,0.001511,0.001422,0.001542,0.001033,0.001129,0.001364,0.0005067,0.0005957,0.001234,0.0005404,0.0004531,0.0009705,0.0009388,0.0003295,0.000618,0.001199,0.0009973,0.0002531,0.0008761,0.0004394,0.0008228,0.0008425,0.001115,0.001368,0.000767,0.001486,0.001806,0.001462,0.001764
0.002759,0.00301,0.003843,0.003808,0.003716,0.003648,0.003573,0.003432,0.003172,0.003341,0.002917,0.002619,0.002193,0.002492,0.002629,0.002752,0.002933,0.002539,0.002363,0.001859,0.00205,0.001773,0.001893,0.001537,0.001841,0.001965,0.00183,0.001223,0.002201,0.00182,0.0009406,0.001091,0.001037,0.0006887,0.0008965,0.000752,0.000275,0.0004379,0.0007042,0.0002724,0.0002216,0.0005786,0.0004496,0.0001675,0.0003729,0.0009618,0.0007022,0.0004965,0.000525,0.0007195,0.0005103,0.001115,0.0008342,0.0009428,0.0004527,0.001407,0.001432,0.001249,0.00135
0.002522,0.002864,0.003711,0.003681,0.003879,0.00405,0.004274,0.003555,0.002939,0.003321,0.003344,0.003118,0.002568,0.002854,0.002849,0.002967,0.002759,0.002245,0.002184,0.002018,0.002095,0.001815,0.002577,0.002146,0.002036,0.002926,0.002587,0.001319,0.002514,0.001844,0.001393,0.001304,0.0009587,0.000813,0.0009509,0.0009981,0.0006178,0.0002261,0.0008201,0.0003599,0.0003172,0.0004176,0.0003692,0.0004474,0.0004093,0.0005748,0.0007227,0.000878,0.0005087,0.001349,0.001323,0.001368,0.0009428,0.001537,0.0007094,0.001503,0.001287,0.001101,0.00163
0.002051,0.002461,0.002846,0.002962,0.002777,0.002667,0.003309,0.002485,0.002177,0.0023,0.002203,0.002404,0.001985,0.002197,0.002,0.001771,0.00167,0.001876,0.001346,0.001466,0.002183,0.001768,0.001833,0.001654,0.001712,0.002383,0.00257,0.001703,0.002592,0.00234,0.001984,0.001422,0.0008965,0.0007183,0.001171,0.001083,0.0003373,0.0002873,0.0009419,0.0006142,0.0001889,0.0001997,0.0004085,0.0005022,0.0003131,0.0002925,0.0006043,0.0008221,0.0004894,0.001076,0.0008332,0.000767,0.0004527,0.0007094,0.0002935,0.0008826,0.0008534,0.0005388,0.001453
0.002235,0.00233,0.002359,0.002361,0.002497,0.002648,0.0029,0.001925,0.001872,0.001855,0.001762,0.002049,0.001491,0.001508,0.001441,0.002128,0.001843,0.001288,0.001211,0.0009782,0.001597,0.001156,0.001072,0.001347,0.001423,0.00191,0.002039,0.001419,0.001945,0.001729,0.001514,0.001411,0.001118,0.0006135,0.0005853,0.000613,0.0002738,0.0003824,0.0006685,0.00054,0.0004417,0.0002446,0.0005103,0.0007826,0.0007196,0.0007796,0.0009433,0.001204,0.001006,0.001568,0.001423,0.001486,0.001407,0.001503,0.0008826,0.001094,0.0008612,0.0009027,0.00172
0.002038,0.002228,0.001775,0.002146,0.002413,0.002279,0.002307,0.001686,0.001903,0.002138,0.001734,0.002195,0.002115,0.001845,0.001526,0.001729,0.001373,0.001481,0.001473,0.001101,0.001402,0.001721,0.001634,0.001742,0.001644,0.002138,0.002285,0.001588,0.001996,0.001972,0.001646,0.001709,0.00167,0.001173,0.001132,0.001007,0.0006233,0.0004641,0.0008894,0.0008586,0.0008434,0.0003352,0.001076,0.001297,0.001006,0.0008654,0.001006,0.001322,0.001222,0.00146,0.001534,0.001806,0.001432,0.001287,0.0008534,0.0008612,0.0004719,0.0005972,0.001209
0.001572,0.001588,0.001477,0.001796,0.001835,0.001137,0.00144,0.001521,0.001307,0.001366,0.001392,0.001619,0.001688,0.001948,0.001809,0.001612,0.001188,0.001259,0.001612,0.001356,0.001473,0.00143,0.001508,0.001633,0.001457,0.00193,0.002327,0.001759,0.00155,0.001622,0.001483,0.001468,0.001791,0.001584,0.001584,0.001337,0.001093,0.0008728,0.0007532,0.001185,0.00106,0.0005851,0.001132,0.001462,0.0009122,0.0008579,0.00125,0.001327,0.0008667,0.001344,0.001502,0.001462,0.001249,0.001101,0.0005388,0.0009027,0.0005972,0.0007468,0.001206
0.001931,0.001766,0.001914,0.001922,0.001979,0.001758,0.001924,0.001881,0.001741,0.001509,0.001678,0.001571,0.001522,0.001844,0.001692,0.001509,0.001443,0.001322,0.001544,0.001225,0.001717,0.001724,0.001651,0.001386,0.001713,0.001673,0.002187,0.001358,0.001654,0.001309,0.001231,0.001318,0.001423,0.001366,0.001353,0.001339,0.001014,0.0008151,0.0008462,0.001114,0.001157,0.0008629,0.001419,0.001241,0.001119,0.001376,0.001538,0.001623,0.001125,0.001832,0.001838,0.001764,0.00135,0.00163,0.001453,0.00172,0.001209,0.001206,0.002038
