2.074e-06,2.247e-06,8.643e-07,3.457e-06,1.469e-05,1.106e-05,2.939e-06,5.359e-06,3.284e-06,1.556e-06,6.915e-07,3.803e-06,3.457e-07,0,1.729e-06,1.729e-07,3.457e-07,1.902e-06,1.729e-06,1.366e-05,1.089e-05,1.504e-05,1.072e-05,2.126e-05,2.904e-05,6.742e-06,1.227e-05,2.628e-05,4.097e-05,1.746e-05,5.705e-06,1.383e-06,3.457e-06,1.729e-06,1.729e-07,1.902e-06,1.729e-07,2.074e-06,1.729e-07,4.84e-06,8.643e-07,1.124e-05,1.729e-07,1.21e-06,1.383e-06,1.902e-06,1.21e-06,2.939e-06,6.915e-07,1.21e-06,8.643e-06,2.178e-05,3.457e-05,1.902e-06,1.729e-07,2.904e-05,8.626e-05,3.094e-05,1.677e-05
2.247e-06,1.245e-05,5.186e-07,4.443e-05,3.112e-06,3.077e-05,3.112e-06,1.037e-05,5.013e-06,2.766e-06,1.729e-07,1.21e-06,1.729e-07,0,1.383e-06,0,1.902e-06,3.803e-06,2.247e-06,8.989e-06,8.816e-06,1.832e-05,2.714e-05,6.016e-05,1.556e-06,2.074e-06,1.59e-05,0.0001001,3.699e-05,1.435e-05,2.939e-06,1.729e-06,8.643e-07,1.729e-07,1.729e-07,1.729e-06,3.457e-07,0,3.457e-07,3.457e-07,1.037e-06,5.532e-06,0,0,8.643e-07,1.538e-05,8.643e-07,4.84e-06,1.193e-05,5.877e-06,3.613e-05,4.287e-05,6.776e-05,5.722e-05,1.21e-06,6.465e-05,3.509e-05,6.189e-05,9.68e-06
8.643e-07,5.186e-07,3.457e-07,1.729e-07,2.455e-05,3.371e-05,5.186e-07,3.63e-06,1.21e-06,9.853e-06,8.643e-07,2.247e-06,0,1.729e-07,0,0,0,3.457e-07,4.252e-05,1.348e-05,5.22e-05,4.84e-06,6.915e-07,1.417e-05,1.729e-06,1.729e-07,4.322e-06,7.502e-05,6.811e-05,1.953e-05,1.21e-06,3.717e-05,8.643e-07,1.867e-05,6.517e-05,0,0,5.186e-07,0,0,0,1.556e-06,0,0,0,6.915e-07,0,8.47e-06,1.21e-06,1.037e-06,1.538e-05,6.811e-05,4.823e-05,1.746e-05,3.457e-07,0.0002017,0.0001805,8.47e-06,1.902e-06
3.457e-06,4.443e-05,1.729e-07,0,0,1.729e-07,3.457e-07,0,0,7.26e-06,3.457e-07,6.119e-05,3.284e-06,0,0,0,1.037e-06,2.939e-06,1.729e-05,5.705e-06,3.405e-05,1.21e-06,1.729e-06,5.998e-05,1.729e-06,4.667e-06,3.509e-05,1.746e-05,6.102e-05,6.448e-05,8.643e-07,3.889e-05,4.322e-06,3.63e-06,1.729e-06,0,0,0,0,0,0,0,0,0,0,0,5.186e-07,1.902e-06,4.425e-05,1.642e-05,8.107e-05,1.936e-05,2.368e-05,0.0001153,1.417e-05,4.097e-05,1.711e-05,0,2.42e-06
1.469e-05,3.112e-06,2.455e-05,0,0,2.42e-06,5.186e-07,1.729e-07,0,5.877e-06,1.21e-06,6.517e-05,5.186e-07,8.643e-07,0,0,1.729e-07,2.558e-05,1.037e-06,3.647e-05,1.884e-05,1.469e-05,1.729e-07,1.245e-05,3.786e-05,4.494e-06,9.508e-06,2.766e-06,9.853e-06,2.437e-05,6.915e-07,3.803e-06,2.42e-06,0,0,0,0,0,0,0,0,0,0,0,0,0,1.729e-07,1.21e-06,9.162e-06,7.053e-05,3.371e-05,1.314e-05,1.383e-05,3.215e-05,8.816e-06,2.368e-05,3.63e-06,1.729e-07,4.494e-06
1.106e-05,3.077e-05,3.371e-05,1.729e-07,2.42e-06,4.494e-06,5.877e-06,1.729e-07,0,0,0,5.826e-05,1.538e-05,1.729e-06,0,1.383e-06,6.915e-07,2.195e-05,6.915e-07,2.887e-05,3.388e-05,4.149e-06,1.763e-05,9.335e-06,4.287e-05,2.178e-05,8.297e-06,3.112e-06,1.504e-05,2.593e-05,8.816e-06,3.371e-05,2.939e-06,0,0,0,0,0,0,0,5.359e-06,0,0,1.729e-07,2.593e-06,1.556e-06,1.037e-06,2.074e-06,1.417e-05,2.973e-05,6.413e-05,8.989e-06,1.538e-05,1.884e-05,2.645e-05,2.507e-05,2.766e-06,6.915e-07,3.457e-07
2.939e-06,3.112e-06,5.186e-07,3.457e-07,5.186e-07,5.877e-06,5.532e-06,2.593e-06,0,0,0,1.729e-07,1.02e-05,0,1.729e-07,1.383e-06,2.766e-06,1.4e-05,0,3.457e-06,6.915e-07,3.457e-07,6.915e-07,8.643e-06,8.643e-07,8.47e-06,1.279e-05,4.667e-06,9.68e-06,9.317e-05,1.729e-06,4.494e-06,3.112e-06,1.729e-07,0,0,5.186e-07,8.643e-07,0,0,1.02e-05,0,0,0,3.284e-06,3.457e-07,1.729e-07,1.729e-07,0,2.939e-06,6.915e-07,1.124e-05,2.749e-05,3.284e-06,0,7.502e-05,4.131e-05,3.112e-06,2.074e-06
5.359e-06,1.037e-05,3.63e-06,0,1.729e-07,1.729e-07,2.593e-06,0,0,0,0,5.186e-07,7.952e-06,6.915e-07,0,3.112e-06,2.005e-05,6.794e-05,0,3.457e-07,0,2.939e-06,5.359e-06,1.141e-05,8.643e-06,1.21e-05,2.507e-05,6.915e-07,1.902e-06,2.074e-06,1.729e-07,1.452e-05,4.84e-06,1.729e-07,0,3.457e-07,1.037e-06,0,0,0,1.089e-05,0,0,2.42e-06,3.457e-07,3.63e-06,4.84e-06,6.915e-07,8.989e-06,3.457e-07,0,1.538e-05,1.729e-06,3.181e-05,6.915e-07,0,1.729e-07,6.915e-07,1.781e-05
3.284e-06,5.013e-06,1.21e-06,0,0,0,0,0,0,0,0,0,2.074e-06,1.729e-07,0,4.65e-05,3.907e-05,6.396e-06,3.63e-06,0,1.314e-05,2.074e-06,3.284e-06,1.4e-05,4.149e-06,1.556e-06,1.21e-06,9.853e-06,1.21e-06,2.593e-06,1.383e-06,4.494e-06,1.279e-05,3.457e-06,1.729e-07,1.729e-07,1.729e-07,0,1.729e-07,0,2.766e-06,3.457e-07,0,1.729e-07,8.643e-07,3.872e-05,3.284e-06,1.729e-07,3.457e-07,8.643e-07,1.729e-07,4.494e-06,2.61e-05,4.771e-05,4.494e-06,1.21e-06,5.359e-06,1.245e-05,4.391e-05
1.556e-06,2.766e-06,9.853e-06,7.26e-06,5.877e-06,0,0,0,0,0,0,0,0,0,0,5.186e-06,5.877e-06,5.186e-07,3.146e-05,1.729e-07,2.939e-06,5.705e-06,5.013e-06,5.013e-06,2.247e-06,1.383e-06,3.284e-06,8.297e-06,4.84e-06,2.092e-05,2.939e-06,1.521e-05,3.803e-06,1.729e-06,0,0,0,0,0,0,0,0,0,0,0,4.322e-06,0,0,5.186e-07,0,1.383e-06,2.074e-06,3.665e-05,3.198e-05,4.46e-05,6.189e-05,3.163e-05,4.667e-06,0.0001404
6.915e-07,1.729e-07,8.643e-07,3.457e-07,1.21e-06,0,0,0,0,0,0,0,1.729e-07,0,0,0,0,3.284e-06,1.729e-06,5.705e-06,1.227e-05,2.247e-06,3.457e-07,5.705e-06,0,0,1.729e-07,1.383e-06,1.902e-05,5.013e-06,3.457e-07,1.729e-06,6.569e-06,0,0,3.284e-06,0,0,0,6.915e-07,1.729e-07,5.186e-07,0,1.729e-07,1.729e-07,1.729e-07,0,0,0,1.729e-07,1.729e-06,5.705e-06,3.371e-05,8.47e-06,3.457e-07,2.576e-05,4.909e-05,3.976e-06,2.074e-06
3.803e-06,1.21e-06,2.247e-06,6.119e-05,6.517e-05,5.826e-05,1.729e-07,5.186e-07,0,0,0,0,3.457e-07,7.433e-06,0,3.457e-07,3.457e-07,1.037e-06,2.092e-05,7.606e-06,5.705e-06,3.302e-05,7.779e-06,2.766e-06,5.186e-07,5.186e-07,2.593e-06,8.297e-06,6.085e-05,3.872e-05,6.05e-06,4.322e-06,1.902e-06,8.643e-07,1.729e-07,2.939e-06,5.186e-07,1.729e-07,6.915e-07,1.729e-07,1.383e-06,1.556e-06,0,1.037e-06,5.359e-06,1.729e-06,1.902e-05,1.21e-06,1.729e-07,1.037e-06,3.63e-06,8.125e-06,8.989e-06,2.472e-05,1.314e-05,1.417e-05,3.284e-05,0.0001654,0.0001046
3.457e-07,1.729e-07,0,3.284e-06,5.186e-07,1.538e-05,1.02e-05,7.952e-06,2.074e-06,0,1.729e-07,3.457e-07,0,8.643e-07,0,0,0,5.186e-07,0,4.944e-05,1.677e-05,1.504e-05,0,0,3.457e-07,1.729e-07,6.915e-06,3.302e-05,4.494e-05,5.359e-06,1.175e-05,3.63e-06,6.396e-06,4.84e-06,6.915e-07,1.729e-07,1.383e-06,1.037e-06,1.729e-07,0,7.433e-06,7.26e-06,1.556e-06,0,1.175e-05,2.074e-06,0,3.112e-06,0,0,1.21e-06,2.593e-06,4.183e-05,2.42e-06,3.112e-06,2.437e-05,4.788e-05,1.902e-05,6.223e-06
0,0,1.729e-07,0,8.643e-07,1.729e-06,0,6.915e-07,1.729e-07,0,0,7.433e-06,8.643e-07,0,1.902e-06,1.037e-06,0,3.457e-07,0,5.186e-07,0,8.643e-07,0,0,0,3.457e-07,0,1.729e-07,1.729e-07,2.42e-06,0,1.037e-06,6.569e-06,2.074e-06,0,1.383e-06,1.383e-06,0,0,0,0,0,0,0,0,1.729e-07,0,0,0,1.037e-06,1.037e-06,7.606e-06,8.643e-07,4.788e-05,5.705e-06,3.63e-06,3.284e-06,7.779e-06,3.976e-06
1.729e-06,1.383e-06,0,0,0,0,1.729e-07,0,0,0,0,0,0,1.902e-06,0,0,1.729e-07,0,0,0,0,5.186e-07,0,0,1.729e-07,0,1.729e-07,1.556e-06,8.643e-07,2.42e-06,1.729e-07,1.711e-05,2.558e-05,1.884e-05,0,1.383e-06,1.729e-06,1.729e-06,8.643e-07,0,1.037e-06,1.711e-05,0,0,1.729e-07,0,0,0,0,0,1.729e-07,9.853e-06,2.42e-06,8.816e-06,5.359e-06,2.593e-06,1.556e-06,2.766e-06,8.297e-06
1.729e-07,0,0,0,0,1.383e-06,1.383e-06,3.112e-06,4.65e-05,5.186e-06,0,3.457e-07,0,1.037e-06,0,0,0,6.915e-07,0,0,0,0,0,0,0,0,0,3.457e-07,3.457e-07,1.383e-06,5.186e-07,1.348e-05,6.569e-06,1.902e-06,1.729e-07,0,0,3.284e-06,0,0,1.729e-07,0.0001571,0,0,2.403e-05,1.729e-07,0,0,0,0,6.915e-07,3.336e-05,0.0001812,3.284e-06,3.457e-06,4.322e-06,1.521e-05,5.705e-06,1.902e-06
3.457e-07,1.902e-06,0,1.037e-06,1.729e-07,6.915e-07,2.766e-06,2.005e-05,3.907e-05,5.877e-06,0,3.457e-07,0,0,1.729e-07,0,0,0,0,5.186e-07,0,0,0,0,0,0,0,5.186e-06,3.112e-06,3.284e-06,1.729e-07,2.023e-05,2.23e-05,9.162e-06,0,0,0,3.457e-07,3.457e-07,0,0,4.494e-06,0,0,6.915e-07,0,0,0,0,0,8.643e-07,1.158e-05,2.766e-05,2.766e-06,1.037e-06,2.109e-05,6.845e-05,7.26e-06,2.593e-06
1.902e-06,3.803e-06,3.457e-07,2.939e-06,2.558e-05,2.195e-05,1.4e-05,6.794e-05,6.396e-06,5.186e-07,3.284e-06,1.037e-06,5.186e-07,3.457e-07,0,6.915e-07,0,0,3.457e-07,0,0,0,0,0,0,3.457e-07,1.383e-06,5.186e-07,2.593e-06,6.915e-07,1.037e-06,1.85e-05,5.082e-05,6.05e-06,0,6.915e-07,1.729e-07,0,0,2.766e-06,0,1.729e-07,0,0,2.247e-06,0,0,0,0,3.457e-06,3.647e-05,3.596e-05,1.487e-05,6.396e-06,9.853e-06,6.05e-06,2.074e-05,2.939e-06,3.284e-06
1.729e-06,2.247e-06,4.252e-05,1.729e-05,1.037e-06,6.915e-07,0,0,3.63e-06,3.146e-05,1.729e-06,2.092e-05,0,0,0,0,0,3.457e-07,0,0,0,0,0,3.457e-07,1.21e-06,8.643e-07,1.556e-06,5.359e-06,5.186e-07,8.643e-07,1.729e-06,1.383e-06,1.729e-07,4.84e-06,0,1.124e-05,6.915e-06,0,1.729e-07,6.915e-07,0,0,0,0,1.729e-06,0,0,0,0,9.853e-06,4.201e-05,2.126e-05,1.21e-05,8.643e-06,0.0001108,4.322e-06,1.227e-05,5.186e-07,1.902e-06
1.366e-05,8.989e-06,1.348e-05,5.705e-06,3.647e-05,2.887e-05,3.457e-06,3.457e-07,0,1.729e-07,5.705e-06,7.606e-06,4.944e-05,5.186e-07,0,0,5.186e-07,0,0,0,0,1.729e-07,5.186e-07,5.186e-07,1.383e-06,2.593e-06,2.939e-06,0,1.729e-07,1.729e-07,0,6.915e-07,3.457e-07,1.729e-07,0,1.383e-06,4.546e-05,0,0,0,0,0,0,0,0,0,0,6.915e-07,0,4.996e-05,0.0001103,4.304e-05,1.729e-06,1.348e-05,1.988e-05,1.729e-07,0,0,2.074e-06
1.089e-05,8.816e-06,5.22e-05,3.405e-05,1.884e-05,3.388e-05,6.915e-07,0,1.314e-05,2.939e-06,1.227e-05,5.705e-06,1.677e-05,0,0,0,0,0,0,0,0,0,1.729e-07,8.643e-07,3.457e-07,5.705e-06,8.643e-07,2.161e-05,3.457e-07,6.915e-07,3.457e-07,4.322e-06,1.296e-05,1.902e-06,8.643e-07,7.952e-06,2.213e-05,2.074e-06,3.457e-07,0,0,0,0,3.112e-06,5.186e-06,0,5.186e-07,7.779e-06,0,2.247e-05,2.956e-05,1.659e-05,1.366e-05,2.265e-05,1.037e-05,2.04e-05,7.087e-06,1.383e-06,1.054e-05
1.504e-05,1.832e-05,4.84e-06,1.21e-06,1.469e-05,4.149e-06,3.457e-07,2.939e-06,2.074e-06,5.705e-06,2.247e-06,3.302e-05,1.504e-05,8.643e-07,5.186e-07,0,0,0,0,1.729e-07,0,0.00013,5.186e-07,5.532e-05,5.186e-07,4.322e-06,0,3.457e-07,0,3.457e-07,6.915e-07,4.494e-06,3.319e-05,1.469e-05,8.643e-07,0,5.186e-06,2.074e-06,3.457e-07,0,1.729e-07,6.915e-07,1.729e-07,2.939e-06,5.186e-07,5.186e-07,1.729e-06,2.178e-05,0,1.625e-05,8.989e-06,1.988e-05,3.803e-06,2.593e-06,1.262e-05,1.21e-06,6.915e-06,8.643e-07,1.694e-05
1.072e-05,2.714e-05,6.915e-07,1.729e-06,1.729e-07,1.763e-05,6.915e-07,5.359e-06,3.284e-06,5.013e-06,3.457e-07,7.779e-06,0,0,0,0,0,0,0,5.186e-07,1.729e-07,5.186e-07,0,6.05e-06,1.729e-07,4.322e-06,3.457e-07,2.766e-05,5.186e-07,6.915e-07,1.729e-07,3.112e-06,7.433e-06,1.902e-06,0,0,5.186e-07,0,0,0,0,0,7.779e-06,0,1.729e-07,0,3.457e-07,1.729e-07,0,1.729e-06,9.508e-06,2.973e-05,5.393e-05,1.037e-06,8.643e-07,3.112e-06,1.902e-06,0,1.902e-06
2.126e-05,6.016e-05,1.417e-05,5.998e-05,1.245e-05,9.335e-06,8.643e-06,1.141e-05,1.4e-05,5.013e-06,5.705e-06,2.766e-06,0,0,0,0,0,0,3.457e-07,5.186e-07,8.643e-07,5.532e-05,6.05e-06,1.625e-05,1.21e-06,4.494e-06,5.186e-07,1.729e-07,4.322e-06,4.201e-05,5.877e-06,2.507e-05,8.643e-06,3.457e-07,6.915e-07,0,0,0,0,0,0,0,0,0,0,0,1.729e-07,5.186e-07,1.729e-07,1.763e-05,4.65e-05,8.92e-05,7.692e-05,2.247e-06,3.077e-05,3.457e-07,1.452e-05,1.729e-06,1.348e-05
2.904e-05,1.556e-06,1.729e-06,1.729e-06,3.786e-05,4.287e-05,8.643e-07,8.643e-06,4.149e-06,2.247e-06,0,5.186e-07,3.457e-07,0,1.729e-07,0,0,0,1.21e-06,1.383e-06,3.457e-07,5.186e-07,1.729e-07,1.21e-06,0,4.494e-06,3.457e-07,1.383e-06,1.729e-06,1.729e-06,2.42e-06,8.643e-07,3.284e-06,6.915e-07,8.643e-07,0,3.457e-07,1.729e-06,1.729e-07,5.186e-07,1.383e-06,1.037e-06,1.608e-05,1.037e-06,0,0,1.729e-07,1.729e-07,0,6.915e-07,2.42e-06,1.659e-05,8.816e-06,1.037e-06,8.643e-07,3.63e-06,6.724e-05,1.953e-05,5.877e-06
6.742e-06,2.074e-06,1.729e-07,4.667e-06,4.494e-06,2.178e-05,8.47e-06,1.21e-05,1.556e-06,1.383e-06,0,5.186e-07,1.729e-07,3.457e-07,0,0,0,3.457e-07,8.643e-07,2.593e-06,5.705e-06,4.322e-06,4.322e-06,4.494e-06,4.494e-06,0,8.643e-07,4.978e-05,8.125e-06,2.524e-05,5.48e-05,2.074e-06,2.247e-06,6.915e-07,0,0,0,0,0,0,5.186e-07,5.186e-07,0,1.729e-07,1.037e-06,0,0,1.729e-07,0,4.149e-06,5.013e-06,1.314e-05,5.705e-06,1.037e-06,8.643e-07,6.569e-06,0.0001568,1.642e-05,1.227e-05
1.227e-05,1.59e-05,4.322e-06,3.509e-05,9.508e-06,8.297e-06,1.279e-05,2.507e-05,1.21e-06,3.284e-06,1.729e-07,2.593e-06,6.915e-06,0,1.729e-07,0,0,1.383e-06,1.556e-06,2.939e-06,8.643e-07,0,3.457e-07,5.186e-07,3.457e-07,8.643e-07,3.457e-07,2.766e-06,1.227e-05,1.348e-05,5.359e-06,6.915e-06,2.593e-06,3.457e-07,3.008e-05,1.383e-06,5.186e-07,1.902e-06,3.63e-06,1.729e-07,1.037e-06,1.037e-06,0,0,1.729e-07,0,6.915e-07,4.494e-06,4.494e-06,1.729e-06,1.21e-05,1.521e-05,1.711e-05,1.21e-06,1.037e-06,1.59e-05,5.739e-05,4.494e-06,1.556e-06
2.628e-05,0.0001001,7.502e-05,1.746e-05,2.766e-06,3.112e-06,4.667e-06,6.915e-07,9.853e-06,8.297e-06,1.383e-06,8.297e-06,3.302e-05,1.729e-07,1.556e-06,3.457e-07,5.186e-06,5.186e-07,5.359e-06,0,2.161e-05,3.457e-07,2.766e-05,1.729e-07,1.383e-06,4.978e-05,2.766e-06,0,3.457e-07,2.593e-06,5.186e-07,3.215e-05,1.902e-06,0,9.335e-06,0,0,1.556e-06,0,0,2.074e-06,3.457e-07,0,0,3.112e-06,0,1.729e-07,2.42e-06,1.296e-05,7.606e-05,2.334e-05,2.593e-06,0,1.729e-07,4.667e-06,0,1.729e-07,0,1.729e-07
4.097e-05,3.699e-05,6.811e-05,6.102e-05,9.853e-06,1.504e-05,9.68e-06,1.902e-06,1.21e-06,4.84e-06,1.902e-05,6.085e-05,4.494e-05,1.729e-07,8.643e-07,3.457e-07,3.112e-06,2.593e-06,5.186e-07,1.729e-07,3.457e-07,0,5.186e-07,4.322e-06,1.729e-06,8.125e-06,1.227e-05,3.457e-07,1.729e-06,2.61e-05,4.667e-06,1.902e-06,1.729e-07,0,0,6.569e-06,0,0,1.729e-07,0,7.433e-06,0,0,1.21e-06,1.573e-05,0,2.074e-06,3.457e-06,1.037e-06,4.252e-05,2.783e-05,1.659e-05,1.729e-07,5.532e-06,1.193e-05,1.729e-07,0,1.729e-07,0
1.746e-05,1.435e-05,1.953e-05,6.448e-05,2.437e-05,2.593e-05,9.317e-05,2.074e-06,2.593e-06,2.092e-05,5.013e-06,3.872e-05,5.359e-06,2.42e-06,2.42e-06,1.383e-06,3.284e-06,6.915e-07,8.643e-07,1.729e-07,6.915e-07,3.457e-07,6.915e-07,4.201e-05,1.729e-06,2.524e-05,1.348e-05,2.593e-06,2.61e-05,3.423e-05,2.42e-06,2.939e-06,1.729e-07,0,0,1.729e-06,5.186e-07,0,0,0,3.112e-06,0,0,1.4e-05,6.742e-06,0,6.569e-06,1.659e-05,1.556e-06,4.615e-05,1.504e-05,1.331e-05,1.729e-07,5.013e-06,3.63e-06,4.84e-06,2.939e-06,1.729e-07,0
5.705e-06,2.939e-06,1.21e-06,8.643e-07,6.915e-07,8.816e-06,1.729e-06,1.729e-07,1.383e-06,2.939e-06,3.457e-07,6.05e-06,1.175e-05,0,1.729e-07,5.186e-07,1.729e-07,1.037e-06,1.729e-06,0,3.457e-07,6.915e-07,1.729e-07,5.877e-06,2.42e-06,5.48e-05,5.359e-06,5.186e-07,4.667e-06,2.42e-06,0,0,0,0,0,1.729e-07,1.59e-05,5.532e-06,0,1.729e-07,3.578e-05,0,3.284e-06,8.47e-06,4.667e-06,5.065e-05,2.074e-06,1.85e-05,1.383e-06,9.68e-06,1.383e-06,7.779e-06,0,8.643e-07,1.037e-06,0,3.457e-07,6.915e-07,3.457e-07
1.383e-06,1.729e-06,3.717e-05,3.889e-05,3.803e-06,3.371e-05,4.494e-06,1.452e-05,4.494e-06,1.521e-05,1.729e-06,4.322e-06,3.63e-06,1.037e-06,1.711e-05,1.348e-05,2.023e-05,1.85e-05,1.383e-06,6.915e-07,4.322e-06,4.494e-06,3.112e-06,2.507e-05,8.643e-07,2.074e-06,6.915e-06,3.215e-05,1.902e-06,2.939e-06,0,0,3.457e-07,0,0,0,0,1.729e-07,0,0,1.21e-06,3.457e-07,9.853e-06,5.186e-07,1.037e-06,3.457e-07,1.902e-06,4.84e-06,0,4.494e-06,6.915e-06,2.593e-06,1.21e-06,1.729e-07,8.643e-07,2.42e-06,3.284e-06,7.952e-06,1.417e-05
3.457e-06,8.643e-07,8.643e-07,4.322e-06,2.42e-06,2.939e-06,3.112e-06,4.84e-06,1.279e-05,3.803e-06,6.569e-06,1.902e-06,6.396e-06,6.569e-06,2.558e-05,6.569e-06,2.23e-05,5.082e-05,1.729e-07,3.457e-07,1.296e-05,3.319e-05,7.433e-06,8.643e-06,3.284e-06,2.247e-06,2.593e-06,1.902e-06,1.729e-07,1.729e-07,0,3.457e-07,6.915e-07,6.915e-07,0,5.186e-07,1.556e-06,8.816e-06,6.915e-07,0,1.729e-07,1.729e-07,7.952e-06,3.284e-06,0,0,3.284e-06,6.569e-06,0,3.112e-06,2.074e-06,1.729e-07,0,0,1.729e-07,8.643e-07,5.532e-06,1.902e-06,1.936e-05
1.729e-06,1.729e-07,1.867e-05,3.63e-06,0,0,1.729e-07,1.729e-07,3.457e-06,1.729e-06,0,8.643e-07,4.84e-06,2.074e-06,1.884e-05,1.902e-06,9.162e-06,6.05e-06,4.84e-06,1.729e-07,1.902e-06,1.469e-05,1.902e-06,3.457e-07,6.915e-07,6.915e-07,3.457e-07,0,0,0,0,0,6.915e-07,1.417e-05,0,9.508e-06,1.729e-06,6.742e-06,0,1.037e-06,3.457e-07,0,3.63e-06,5.359e-06,0,3.457e-07,3.112e-06,3.63e-06,0,3.284e-06,1.729e-07,0,0,0,1.729e-07,0,6.915e-07,1.21e-06,6.915e-07
1.729e-07,1.729e-07,6.517e-05,1.729e-06,0,0,0,0,1.729e-07,0,0,1.729e-07,6.915e-07,0,0,1.729e-07,0,0,0,0,8.643e-07,8.643e-07,0,6.915e-07,8.643e-07,0,3.008e-05,9.335e-06,0,0,0,0,0,0,0,1.21e-06,0,1.729e-07,0,0,0,0,1.21e-06,6.915e-07,0,0,5.186e-07,2.489e-05,1.729e-07,1.729e-07,0,0,0,0,0,0,0,0,0
1.902e-06,1.729e-06,0,0,0,0,0,3.457e-07,1.729e-07,0,3.284e-06,2.939e-06,1.729e-07,1.383e-06,1.383e-06,0,0,6.915e-07,1.124e-05,1.383e-06,7.952e-06,0,0,0,0,0,1.383e-06,0,6.569e-06,1.729e-06,1.729e-07,0,5.186e-07,9.508e-06,1.21e-06,0,0,8.643e-07,0,0,0,0,0,1.037e-06,0,0,0,1.729e-07,0,1.729e-07,0,0,0,0,0,0,1.037e-06,3.457e-07,6.915e-07
1.729e-07,3.457e-07,0,0,0,0,5.186e-07,1.037e-06,1.729e-07,0,0,5.186e-07,1.383e-06,1.383e-06,1.729e-06,0,0,1.729e-07,6.915e-06,4.546e-05,2.213e-05,5.186e-06,5.186e-07,0,3.457e-07,0,5.186e-07,0,0,5.186e-07,1.59e-05,0,1.556e-06,1.729e-06,0,0,0,0,6.569e-06,3.457e-07,0,1.729e-07,8.643e-07,1.556e-06,0,0,8.643e-07,0,0,0,0,0,0,0,0,0,1.556e-06,8.643e-07,8.643e-07
2.074e-06,0,5.186e-07,0,0,0,8.643e-07,0,0,0,0,1.729e-07,1.037e-06,0,1.729e-06,3.284e-06,3.457e-07,0,0,0,2.074e-06,2.074e-06,0,0,1.729e-06,0,1.902e-06,1.556e-06,0,0,5.532e-06,1.729e-07,8.816e-06,6.742e-06,1.729e-07,8.643e-07,0,0,3.457e-07,3.112e-06,0,0,0,2.074e-06,0,0,0,1.902e-06,0,3.457e-07,0,0,0,1.21e-06,1.729e-07,0,0,6.915e-07,0
1.729e-07,3.457e-07,0,0,0,0,0,0,1.729e-07,0,0,6.915e-07,1.729e-07,0,8.643e-07,0,3.457e-07,0,1.729e-07,0,3.457e-07,3.457e-07,0,0,1.729e-07,0,3.63e-06,0,1.729e-07,0,0,0,6.915e-07,0,0,0,6.569e-06,3.457e-07,0,0,1.729e-07,0,0,9.68e-06,0,0,0,1.487e-05,0,4.149e-06,3.457e-07,9.335e-06,0,0,0,0,5.186e-07,8.643e-07,0
4.84e-06,3.457e-07,0,0,0,0,0,0,0,0,6.915e-07,1.729e-07,0,0,0,0,0,2.766e-06,6.915e-07,0,0,0,0,0,5.186e-07,0,1.729e-07,0,0,0,1.729e-07,0,0,1.037e-06,0,0,3.457e-07,3.112e-06,0,0,0,0,0,0,0,0,1.037e-06,0,0,0,0,0,0,0,0,0,0,1.729e-07,3.457e-07
8.643e-07,1.037e-06,0,0,0,5.359e-06,1.02e-05,1.089e-05,2.766e-06,0,1.729e-07,1.383e-06,7.433e-06,0,1.037e-06,1.729e-07,0,0,0,0,0,1.729e-07,0,0,1.383e-06,5.186e-07,1.037e-06,2.074e-06,7.433e-06,3.112e-06,3.578e-05,1.21e-06,1.729e-07,3.457e-07,0,0,0,0,1.729e-07,0,0,0,5.186e-07,0,0,0,6.915e-07,0,0,0,0,0,0,0,0,0,0,0,0
1.124e-05,5.532e-06,1.556e-06,0,0,0,0,0,3.457e-07,0,5.186e-07,1.556e-06,7.26e-06,0,1.711e-05,0.0001571,4.494e-06,1.729e-07,0,0,0,6.915e-07,0,0,1.037e-06,5.186e-07,1.037e-06,3.457e-07,0,0,0,3.457e-07,1.729e-07,0,0,0,1.729e-07,0,0,0,0,0,0,0,0,0,0,0,0,2.42e-06,5.186e-07,2.247e-06,0,0,0,0,0,0,0
1.729e-07,0,0,0,0,0,0,0,0,0,0,0,1.556e-06,0,0,0,0,0,0,0,0,1.729e-07,7.779e-06,0,1.608e-05,0,0,0,0,0,3.284e-06,9.853e-06,7.952e-06,3.63e-06,1.21e-06,0,8.643e-07,0,0,0,5.186e-07,0,0,0,0,0,0,0,0,1.729e-07,0,5.186e-07,0,0,0,0,1.729e-07,0,1.383e-06
1.21e-06,0,0,0,0,1.729e-07,0,2.42e-06,1.729e-07,0,1.729e-07,1.037e-06,0,0,0,0,0,0,0,0,3.112e-06,2.939e-06,0,0,1.037e-06,1.729e-07,0,0,1.21e-06,1.4e-05,8.47e-06,5.186e-07,3.284e-06,5.359e-06,6.915e-07,1.037e-06,1.556e-06,2.074e-06,9.68e-06,0,0,0,0,0,0,0,1.729e-07,0,0,0,0,0,0,0,0,0,1.729e-07,1.729e-07,2.074e-06
1.383e-06,8.643e-07,0,0,0,2.593e-06,3.284e-06,3.457e-07,8.643e-07,0,1.729e-07,5.359e-06,1.175e-05,0,1.729e-07,2.403e-05,6.915e-07,2.247e-06,1.729e-06,0,5.186e-06,5.186e-07,1.729e-07,0,0,1.037e-06,1.729e-07,3.112e-06,1.573e-05,6.742e-06,4.667e-06,1.037e-06,0,0,0,0,0,0,0,0,0,0,0,0,0,0,3.457e-07,0,0,0,0,3.457e-07,0,0,0,0,0,0,0
1.902e-06,1.538e-05,6.915e-07,0,0,1.556e-06,3.457e-07,3.63e-06,3.872e-05,4.322e-06,1.729e-07,1.729e-06,2.074e-06,1.729e-07,0,1.729e-07,0,0,0,0,0,5.186e-07,0,0,0,0,0,0,0,0,5.065e-05,3.457e-07,0,3.457e-07,0,0,0,0,0,0,0,0,0,0,0,0,0,0,0,6.915e-07,8.643e-07,1.729e-06,3.63e-06,1.037e-06,0,0,0,1.729e-07,1.556e-06
1.21e-06,8.643e-07,0,5.186e-07,1.729e-07,1.037e-06,1.729e-07,4.84e-06,3.284e-06,0,0,1.902e-05,0,0,0,0,0,0,0,0,5.186e-07,1.729e-06,3.457e-07,1.729e-07,1.729e-07,0,6.915e-07,1.729e-07,2.074e-06,6.569e-06,2.074e-06,1.902e-06,3.284e-06,3.112e-06,5.186e-07,0,8.643e-07,0,0,1.037e-06,6.915e-07,0,0,1.729e-07,3.457e-07,0,0,0,0,0,8.643e-07,1.037e-06,1.556e-06,0,0,1.037e-06,2.783e-05,3.457e-06,1.21e-06
2.939e-06,4.84e-06,8.47e-06,1.902e-06,1.21e-06,2.074e-06,1.729e-07,6.915e-07,1.729e-07,0,0,1.21e-06,3.112e-06,0,0,0,0,0,0,6.915e-07,7.779e-06,2.178e-05,1.729e-07,5.186e-07,1.729e-07,1.729e-07,4.494e-06,2.42e-06,3.457e-06,1.659e-05,1.85e-05,4.84e-06,6.569e-06,3.63e-06,2.489e-05,1.729e-07,0,1.902e-06,1.487e-05,0,0,0,0,0,0,0,0,0,3.457e-07,0,3.457e-07,1.902e-06,1.729e-07,8.643e-07,0,1.521e-05,0.0001317,1.556e-06,3.112e-06
6.915e-07,1.193e-05,1.21e-06,4.425e-05,9.162e-06,1.417e-05,0,8.989e-06,3.457e-07,5.186e-07,0,1.729e-07,0,0,0,0,0,0,0,0,0,0,0,1.729e-07,0,0,4.494e-06,1.296e-05,1.037e-06,1.556e-06,1.383e-06,0,0,0,1.729e-07,0,0,0,0,0,0,0,0,0,0,0,0,3.457e-07,0,0,0,1.21e-06,2.074e-06,1.729e-07,0,5.186e-07,1.383e-06,1.902e-06,3.457e-07
1.21e-06,5.877e-06,1.037e-06,1.642e-05,7.053e-05,2.973e-05,2.939e-06,3.457e-07,8.643e-07,0,1.729e-07,1.037e-06,0,1.037e-06,0,0,0,3.457e-06,9.853e-06,4.996e-05,2.247e-05,1.625e-05,1.729e-06,1.763e-05,6.915e-07,4.149e-06,1.729e-06,7.606e-05,4.252e-05,4.615e-05,9.68e-06,4.494e-06,3.112e-06,3.284e-06,1.729e-07,1.729e-07,0,3.457e-07,4.149e-06,0,0,2.42e-06,1.729e-07,0,0,6.915e-07,0,0,0,0,0,8.643e-07,6.915e-07,1.729e-07,0,9.68e-06,4.08e-05,5.359e-06,2.074e-06
8.643e-06,3.613e-05,1.538e-05,8.107e-05,3.371e-05,6.413e-05,6.915e-07,0,1.729e-07,1.383e-06,1.729e-06,3.63e-06,1.21e-06,1.037e-06,1.729e-07,6.915e-07,8.643e-07,3.647e-05,4.201e-05,0.0001103,2.956e-05,8.989e-06,9.508e-06,4.65e-05,2.42e-06,5.013e-06,1.21e-05,2.334e-05,2.783e-05,1.504e-05,1.383e-06,6.915e-06,2.074e-06,1.729e-07,0,0,0,0,3.457e-07,0,0,5.186e-07,0,0,0,8.643e-07,8.643e-07,3.457e-07,0,0,1.037e-06,3.457e-07,0,3.457e-07,1.383e-06,0.0001459,5.203e-05,1.227e-05,3.457e-06
2.178e-05,4.287e-05,6.811e-05,1.936e-05,1.314e-05,8.989e-06,1.124e-05,1.538e-05,4.494e-06,2.074e-06,5.705e-06,8.125e-06,2.593e-06,7.606e-06,9.853e-06,3.336e-05,1.158e-05,3.596e-05,2.126e-05,4.304e-05,1.659e-05,1.988e-05,2.973e-05,8.92e-05,1.659e-05,1.314e-05,1.521e-05,2.593e-06,1.659e-05,1.331e-05,7.779e-06,2.593e-06,1.729e-07,0,0,0,0,0,9.335e-06,0,0,2.247e-06,5.186e-07,0,3.457e-07,1.729e-06,1.037e-06,1.902e-06,1.21e-06,8.643e-07,3.457e-07,3.457e-07,3.457e-07,1.729e-06,2.42e-06,1.729e-06,4.667e-05,2.42e-06,1.003e-05
3.457e-05,6.776e-05,4.823e-05,2.368e-05,1.383e-05,1.538e-05,2.749e-05,1.729e-06,2.61e-05,3.665e-05,3.371e-05,8.989e-06,4.183e-05,8.643e-07,2.42e-06,0.0001812,2.766e-05,1.487e-05,1.21e-05,1.729e-06,1.366e-05,3.803e-06,5.393e-05,7.692e-05,8.816e-06,5.705e-06,1.711e-05,0,1.729e-07,1.729e-07,0,1.21e-06,0,0,0,0,0,0,0,0,0,0,0,0,0,3.63e-06,1.556e-06,1.729e-07,2.074e-06,6.915e-07,0,3.457e-07,3.457e-07,6.915e-07,3.457e-06,8.643e-07,0,1.383e-06,1.054e-05
1.902e-06,5.722e-05,1.746e-05,0.0001153,3.215e-05,1.884e-05,3.284e-06,3.181e-05,4.771e-05,3.198e-05,8.47e-06,2.472e-05,2.42e-06,4.788e-05,8.816e-06,3.284e-06,2.766e-06,6.396e-06,8.643e-06,1.348e-05,2.265e-05,2.593e-06,1.037e-06,2.247e-06,1.037e-06,1.037e-06,1.21e-06,1.729e-07,5.532e-06,5.013e-06,8.643e-07,1.729e-07,0,0,0,0,0,1.21e-06,0,0,0,0,0,0,0,1.037e-06,0,8.643e-07,1.729e-07,1.729e-07,3.457e-07,1.729e-06,6.915e-07,8.989e-06,1.729e-07,2.939e-06,2.005e-05,4.494e-06,5.186e-07
1.729e-07,1.21e-06,3.457e-07,1.417e-05,8.816e-06,2.645e-05,0,6.915e-07,4.494e-06,4.46e-05,3.457e-07,1.314e-05,3.112e-06,5.705e-06,5.359e-06,3.457e-06,1.037e-06,9.853e-06,0.0001108,1.988e-05,1.037e-05,1.262e-05,8.643e-07,3.077e-05,8.643e-07,8.643e-07,1.037e-06,4.667e-06,1.193e-05,3.63e-06,1.037e-06,8.643e-07,1.729e-07,1.729e-07,0,0,0,1.729e-07,0,0,0,0,0,0,0,0,0,0,0,0,1.383e-06,2.42e-06,3.457e-06,1.729e-07,0,3.457e-07,0,0,0
2.904e-05,6.465e-05,0.0002017,4.097e-05,2.368e-05,2.507e-05,7.502e-05,0,1.21e-06,6.189e-05,2.576e-05,1.417e-05,2.437e-05,3.63e-06,2.593e-06,4.322e-06,2.109e-05,6.05e-06,4.322e-06,1.729e-07,2.04e-05,1.21e-06,3.112e-06,3.457e-07,3.63e-06,6.569e-06,1.59e-05,0,1.729e-07,4.84e-06,0,2.42e-06,8.643e-07,0,0,0,0,0,0,0,0,0,0,0,0,0,1.037e-06,1.521e-05,5.186e-07,9.68e-06,0.0001459,1.729e-06,8.643e-07,2.939e-06,3.457e-07,0,0,1.729e-07,6.915e-06
8.626e-05,3.509e-05,0.0001805,1.711e-05,3.63e-06,2.766e-06,4.131e-05,1.729e-07,5.359e-06,3.163e-05,4.909e-05,3.284e-05,4.788e-05,3.284e-06,1.556e-06,1.521e-05,6.845e-05,2.074e-05,1.227e-05,0,7.087e-06,6.915e-06,1.902e-06,1.452e-05,6.724e-05,0.0001568,5.739e-05,1.729e-07,0,2.939e-06,3.457e-07,3.284e-06,5.532e-06,6.915e-07,0,1.037e-06,1.556e-06,0,5.186e-07,0,0,0,1.729e-07,1.729e-07,0,0,2.783e-05,0.0001317,1.383e-06,4.08e-05,5.203e-05,4.667e-05,0,2.005e-05,0,0,0,1.037e-06,5.877e-06
3.094e-05,6.189e-05,8.47e-06,0,1.729e-07,6.915e-07,3.112e-06,6.915e-07,1.245e-05,4.667e-06,3.976e-06,0.0001654,1.902e-05,7.779e-06,2.766e-06,5.705e-06,7.26e-06,2.939e-06,5.186e-07,0,1.383e-06,8.643e-07,0,1.729e-06,1.953e-05,1.642e-05,4.494e-06,0,1.729e-07,1.729e-07,6.915e-07,7.952e-06,1.902e-06,1.21e-06,0,3.457e-07,8.643e-07,6.915e-07,8.643e-07,1.729e-07,0,0,0,1.729e-07,0,1.729e-07,3.457e-06,1.556e-06,1.902e-06,5.359e-06,1.227e-05,2.42e-06,1.383e-06,4.494e-06,0,1.729e-07,1.037e-06,3.457e-07,1.21e-06
1.677e-05,9.68e-06,1.902e-06,2.42e-06,4.494e-06,3.457e-07,2.074e-06,1.781e-05,4.391e-05,0.0001404,2.074e-06,0.0001046,6.223e-06,3.976e-06,8.297e-06,1.902e-06,2.593e-06,3.284e-06,1.902e-06,2.074e-06,1.054e-05,1.694e-05,1.902e-06,1.348e-05,5.877e-06,1.227e-05,1.556e-06,1.729e-07,0,0,3.457e-07,1.417e-05,1.936e-05,6.915e-07,0,6.915e-07,8.643e-07,0,0,3.457e-07,0,0,1.383e-06,2.074e-06,0,1.556e-06,1.21e-06,3.112e-06,3.457e-07,2.074e-06,3.457e-06,1.003e-05,1.054e-05,5.186e-07,0,6.915e-06,5.877e-06,1.21e-06,3.146e-05
