0.0007896,4.165e-05,4.25e-07,0.0006872,1.912e-05,1.87e-05,0,4.25e-07,0,0,0,2.975e-06,1.445e-05,0.0005856,5.099e-06,0,0,0,0,2.082e-05,2.975e-06,3.4e-06,0,0
0.0004985,4.25e-07,0,1.785e-05,2.975e-06,0,8.499e-07,0,0,0,0,0.0006302,3.23e-05,2.507e-05,2.125e-06,0.0001411,0,0,0,0.0002609,0.0001436,0,0,6.842e-05
0,0.0006872,1.785e-05,0,2.975e-06,0,0,0,0,0,0,0,0,2.295e-05,4.887e-05,0,0,0,0,5.099e-06,0.0002116,9.349e-06,0,8.499e-06
1.749e-05,1.912e-05,2.975e-06,2.975e-06,0,0,0,0,0,0,0,0,0,4.25e-07,1.87e-05,0.0001254,0,0,0,0,0,0,0,0
0,1.87e-05,0,0,0,0,0,0,0,0,0,0,0,0,0,0,4.25e-06,0,0,0,0,0,0,0
0,0,8.499e-07,0,0,0,0,0,0,0,0,0,0,0,0,2.55e-06,0,0,0,0,0,0,0,0
0,4.25e-07,0,0,0,0,0,0,0,0,0,0,0,0,0,4.25e-07,0,0,0,0,0,0,0,0
0,0,0,0,0,0,0,0,0,0,0,0,1.7e-06,1.7e-06,0,0.0001815,0,0,0,0,0,0,0,0
0,0,0,0,0,0,0,0,0,0,0,0,0,0,0,0,0,0,0,0,0,0,0,0
4.998e-06,0,0,0,0,0,0,0,0,0,0,0,0,0,0,0,0,0,0,0,0,0,0,0
0,2.975e-06,0.0006302,0,0,0,0,0,0,0,0,0,0,0,0,8.499e-07,0,0,0,2.55e-06,0,0,0,2.975e-06
0,1.445e-05,3.23e-05,0,0,0,0,0,1.7e-06,0,0,0,0,0,3.315e-05,0.0003064,0,0,0,0.0002448,0,0,8.499e-07,1.572e-05
0.0003919,0.0005856,2.507e-05,2.295e-05,4.25e-07,0,0,0,1.7e-06,0,0,0,0,0.0001037,0.0004904,2.252e-05,0.0001725,0,0,0,0,0,1.19e-05,0
1.458e-05,5.099e-06,2.125e-06,4.887e-05,1.87e-05,0,0,0,0,0,0,0,3.315e-05,0.0004904,8.499e-07,3.612e-05,0,0,0,0,0,0,4.292e-05,5.949e-06
8.746e-05,0,0.0001411,0,0.0001254,0,2.55e-06,4.25e-07,0.0001815,0,0,8.499e-07,0.0003064,2.252e-05,3.612e-05,6.544e-05,0,0,0,0,0,3.4e-06,8.499e-07,2.04e-05
0,0,0,0,0,4.25e-06,0,0,0,0,0,0,0,0.0001725,0,0,0,0,0,4.25e-07,0,0,0,0
0,0,0,0,0,0,0,0,0,0,0,0,0,0,0,0,0,0,0,8.924e-06,0,0,0,0
0,0,0,0,0,0,0,0,0,0,0,0,0,0,0,0,0,0,0,0,0,0,0,0
0.0001483,2.082e-05,0.0002609,5.099e-06,0,0,0,0,0,0,0,2.55e-06,0.0002448,0,0,0,4.25e-07,8.924e-06,0,0,0,0,0,8.499e-07
0,2.975e-06,0.0001436,0.0002116,0,0,0,0,0,0,0,0,0,0,0,0,0,0,0,0,0,0,0,0
0.0002403,3.4e-06,0,9.349e-06,0,0,0,0,0,0,0,0,0,0,0,3.4e-06,0,0,0,0,0,0,0,0
0,0,0,0,0,0,0,0,0,0,0,0,8.499e-07,1.19e-05,4.292e-05,8.499e-07,0,0,0,0,0,0,0,0
4.165e-07,0,6.842e-05,8.499e-06,0,0,0,0,0,0,0,2.975e-06,1.572e-05,0,5.949e-06,2.04e-05,0,0,0,8.499e-07,0,0,0,0
0,0.0008057,0.0005087,0,1.785e-05,0,0,0,0,0,0,0,0,0.0003999,1.487e-05,8.924e-05,0,0,0,0.0001513,0,0.0002452,0,4.25e-07
