0.00846,0.01234,0.009733,0.009557,0.007797,0.007056,0.008482,0.007264,0.01179,0.01019,0.01095,0.0135,0.01255,0.01515,0.01238,0.0131,0.01191,0.01022,0.008763,0.009534,0.01152,0.008746,0.007787,0.008044
0.009429,0.009733,0.008979,0.009253,0.00875,0.007987,0.007285,0.006088,0.008527,0.009864,0.009174,0.01082,0.01232,0.01319,0.01122,0.01068,0.01008,0.008991,0.008311,0.008191,0.007972,0.007549,0.008194,0.008534
0.008277,0.009557,0.009253,0.007501,0.006936,0.006112,0.006284,0.005459,0.008004,0.009293,0.008443,0.01168,0.01096,0.01419,0.00998,0.0125,0.009709,0.009614,0.00931,0.01016,0.007119,0.008996,0.006964,0.006073
0.009102,0.007797,0.00875,0.006936,0.00479,0.005363,0.005804,0.006484,0.007016,0.00771,0.008936,0.01075,0.009712,0.01272,0.009568,0.009114,0.008686,0.007257,0.008868,0.009398,0.009263,0.006168,0.004269,0.004718
0.00739,0.007056,0.007987,0.006112,0.005363,0.003801,0.005407,0.005383,0.00719,0.007379,0.008654,0.009109,0.009594,0.01173,0.008081,0.009269,0.007391,0.006324,0.007622,0.008011,0.007305,0.006139,0.003956,0.003329
0.00677,0.008482,0.007285,0.006284,0.005804,0.005407,0.003758,0.003767,0.005944,0.005727,0.007285,0.008189,0.01144,0.01286,0.008688,0.008416,0.00678,0.005841,0.006093,0.004944,0.0054,0.004091,0.002268,0.003618
0.00684,0.007264,0.006088,0.005459,0.006484,0.005383,0.003767,0.004334,0.007266,0.005393,0.006641,0.008846,0.01162,0.01234,0.008284,0.009528,0.008075,0.006599,0.00606,0.005898,0.006028,0.00426,0.00312,0.004473
0.01032,0.01179,0.008527,0.008004,0.007016,0.00719,0.005944,0.007266,0.007453,0.005987,0.007439,0.00812,0.01181,0.00925,0.009253,0.008301,0.009386,0.005636,0.005251,0.006382,0.006702,0.007126,0.006267,0.007631
0.01002,0.01019,0.009864,0.009293,0.00771,0.007379,0.005727,0.005393,0.005987,0.005893,0.006561,0.007526,0.008734,0.009462,0.007892,0.00772,0.006719,0.005136,0.003655,0.00425,0.006347,0.006971,0.007442,0.009398
0.01159,0.01095,0.009174,0.008443,0.008936,0.008654,0.007285,0.006641,0.007439,0.006561,0.007798,0.008113,0.007826,0.008868,0.00657,0.007479,0.006964,0.005822,0.003993,0.006419,0.006571,0.00815,0.009406,0.01204
0.0152,0.0135,0.01082,0.01168,0.01075,0.009109,0.008189,0.008846,0.00812,0.007526,0.008113,0.008616,0.007938,0.01008,0.00755,0.009526,0.009712,0.007049,0.005084,0.008231,0.008559,0.01045,0.008909,0.01276
0.0148,0.01255,0.01232,0.01096,0.009712,0.009594,0.01144,0.01162,0.01181,0.008734,0.007826,0.007938,0.009227,0.00854,0.00833,0.009522,0.009766,0.0091,0.006799,0.009744,0.008821,0.009901,0.01055,0.01273
0.01508,0.01515,0.01319,0.01419,0.01272,0.01173,0.01286,0.01234,0.00925,0.009462,0.008868,0.01008,0.00854,0.006982,0.008764,0.01004,0.01016,0.009133,0.007522,0.00913,0.01086,0.01167,0.01412,0.01429
0.01392,0.01238,0.01122,0.00998,0.009568,0.008081,0.008688,0.008284,0.009253,0.007892,0.00657,0.00755,0.00833,0.008764,0.00813,0.009106,0.008717,0.008538,0.005475,0.007439,0.006829,0.006855,0.009315,0.01245
0.01464,0.0131,0.01068,0.0125,0.009114,0.009269,0.008416,0.009528,0.008301,0.00772,0.007479,0.009526,0.009522,0.01004,0.009106,0.0109,0.00799,0.007509,0.006433,0.007492,0.007985,0.01042,0.009946,0.01251
0.01323,0.01191,0.01008,0.009709,0.008686,0.007391,0.00678,0.008075,0.009386,0.006719,0.006964,0.009712,0.009766,0.01016,0.008717,0.00799,0.01045,0.006823,0.004245,0.006224,0.009098,0.00901,0.008148,0.01178
0.01146,0.01022,0.008991,0.009614,0.007257,0.006324,0.005841,0.006599,0.005636,0.005136,0.005822,0.007049,0.0091,0.009133,0.008538,0.007509,0.006823,0.00565,0.002766,0.005428,0.008106,0.006654,0.00676,0.01187
0.00926,0.008763,0.008311,0.00931,0.008868,0.007622,0.006093,0.00606,0.005251,0.003655,0.003993,0.005084,0.006799,0.007522,0.005475,0.006433,0.004245,0.002766,0.002742,0.005584,0.006471,0.006062,0.006861,0.009526
0.008782,0.009534,0.008191,0.01016,0.009398,0.008011,0.004944,0.005898,0.006382,0.00425,0.006419,0.008231,0.009744,0.00913,0.007439,0.007492,0.006224,0.005428,0.005584,0.006612,0.00759,0.008171,0.007668,0.008065
0.008429,0.01152,0.007972,0.007119,0.009263,0.007305,0.0054,0.006028,0.006702,0.006347,0.006571,0.008559,0.008821,0.01086,0.006829,0.007985,0.009098,0.008106,0.006471,0.00759,0.007063,0.007188,0.005779,0.006603
0.008816,0.008746,0.007549,0.008996,0.006168,0.006139,0.004091,0.00426,0.007126,0.006971,0.00815,0.01045,0.009901,0.01167,0.006855,0.01042,0.00901,0.006654,0.006062,0.008171,0.007188,0.004642,0.003994,0.003751
0.007608,0.007787,0.008194,0.006964,0.004269,0.003956,0.002268,0.00312,0.006267,0.007442,0.009406,0.008909,0.01055,0.01412,0.009315,0.009946,0.008148,0.00676,0.006861,0.007668,0.005779,0.003994,0.005551,0.004309
0.007718,0.008044,0.008534,0.006073,0.004718,0.003329,0.003618,0.004473,0.007631,0.009398,0.01204,0.01276,0.01273,0.01429,0.01245,0.01251,0.01178,0.01187,0.009526,0.008065,0.006603,0.003751,0.004309,0.004787
0.008831,0.008209,0.009171,0.007872,0.008795,0.007093,0.006578,0.00666,0.01006,0.009865,0.01115,0.01499,0.01455,0.01496,0.01372,0.01458,0.01302,0.01138,0.00907,0.008533,0.008354,0.00861,0.007763,0.007444
