0.003943,0.004609,0.004257,0.005438,0.005821,0.006142,0.006037,0.005424,0.004963,0.005026,0.004641,0.003902,0.003716,0.003446,0.003995,0.004414,0.004949,0.005206,0.00506,0.004797,0.004519,0.004934,0.005332,0.005158,0.00515,0.005192,0.004922,0.003955,0.00425,0.004016,0.003687,0.004094,0.003775,0.003581,0.003552,0.003765,0.003382,0.003496,0.003129,0.003424,0.003346,0.003172,0.002928,0.003379,0.003741,0.00417,0.003814,0.003913,0.004769,0.004487,0.00556,0.005597,0.005984,0.006787,0.004883,0.005492,0.004972,0.004078,0.004457
0.004609,0.005294,0.00583,0.006545,0.006805,0.007035,0.006779,0.006163,0.005735,0.005979,0.005587,0.004281,0.004009,0.003953,0.004148,0.005075,0.00536,0.005679,0.005542,0.005345,0.004957,0.005214,0.005803,0.005687,0.005363,0.005477,0.005304,0.004813,0.004815,0.004451,0.004056,0.004444,0.004155,0.003858,0.003868,0.004302,0.004047,0.003639,0.003523,0.004293,0.00373,0.003213,0.003745,0.003721,0.003861,0.004183,0.004394,0.004298,0.005208,0.004939,0.005774,0.00626,0.006447,0.00709,0.005531,0.005428,0.004527,0.003956,0.0044
0.004257,0.00583,0.005829,0.006669,0.006889,0.006694,0.006153,0.005969,0.005724,0.005902,0.005513,0.004772,0.004236,0.005307,0.005302,0.00571,0.005731,0.005131,0.00535,0.005169,0.004895,0.004828,0.005206,0.005755,0.005894,0.005557,0.005621,0.004603,0.005021,0.004683,0.004153,0.004535,0.003941,0.003438,0.003389,0.0039,0.003717,0.0033,0.003195,0.003339,0.003442,0.00336,0.003075,0.003335,0.004427,0.004998,0.004182,0.004356,0.005818,0.00537,0.005812,0.006232,0.006211,0.006669,0.005438,0.005883,0.005139,0.003985,0.004328
0.005438,0.006545,0.006669,0.006765,0.006516,0.006764,0.006816,0.006249,0.005379,0.005457,0.005567,0.003859,0.003614,0.004239,0.004542,0.005176,0.005278,0.005086,0.004814,0.004847,0.004735,0.004582,0.005065,0.005087,0.005225,0.006024,0.004945,0.004422,0.005298,0.004688,0.003707,0.004472,0.004032,0.003445,0.003252,0.003826,0.003678,0.002784,0.002241,0.003056,0.003004,0.003387,0.003001,0.002629,0.00438,0.005266,0.004191,0.00436,0.006371,0.005625,0.006645,0.006854,0.007422,0.00743,0.006213,0.005971,0.005375,0.003931,0.004886
0.005821,0.006805,0.006889,0.006516,0.006382,0.006079,0.006348,0.005378,0.005005,0.005225,0.005134,0.003371,0.003412,0.004472,0.0041,0.004744,0.005009,0.004566,0.004273,0.004404,0.004586,0.003948,0.004922,0.005144,0.005139,0.005149,0.00428,0.004137,0.005116,0.004602,0.003803,0.004231,0.004045,0.003514,0.00313,0.003871,0.003494,0.003003,0.002407,0.002549,0.002971,0.002973,0.002826,0.002268,0.004375,0.00499,0.004213,0.004295,0.006389,0.005165,0.006598,0.006913,0.00765,0.007526,0.006868,0.006024,0.005922,0.00426,0.004739
0.006142,0.007035,0.006694,0.006764,0.006079,0.005467,0.005425,0.00473,0.004243,0.00427,0.004856,0.002958,0.002844,0.004055,0.004356,0.004696,0.005165,0.00459,0.005118,0.004582,0.00505,0.004192,0.004588,0.00488,0.004431,0.00536,0.00412,0.004109,0.005254,0.004608,0.003838,0.004483,0.003683,0.003243,0.003265,0.003806,0.003012,0.002346,0.00231,0.002922,0.002038,0.002668,0.002833,0.002528,0.004873,0.00446,0.004459,0.00487,0.007039,0.006048,0.007247,0.007608,0.007699,0.00731,0.007042,0.006249,0.00561,0.004624,0.004882
0.006037,0.006779,0.006153,0.006816,0.006348,0.005425,0.004886,0.004737,0.004735,0.004759,0.005206,0.003386,0.002811,0.00366,0.004339,0.004556,0.004725,0.004839,0.004955,0.004561,0.004738,0.004501,0.004296,0.004653,0.004068,0.005096,0.004457,0.004195,0.005357,0.004743,0.003814,0.004399,0.003637,0.003031,0.002934,0.003277,0.00242,0.00238,0.002692,0.002302,0.002693,0.002922,0.003375,0.004026,0.005418,0.005416,0.004932,0.005575,0.007182,0.006841,0.007561,0.008045,0.007973,0.007616,0.007042,0.00606,0.005907,0.004772,0.004828
0.005424,0.006163,0.005969,0.006249,0.005378,0.00473,0.004737,0.004062,0.00432,0.00441,0.004434,0.002967,0.003087,0.003358,0.003617,0.004091,0.004348,0.004592,0.004201,0.004032,0.00404,0.004344,0.004396,0.004927,0.004155,0.004224,0.004338,0.004611,0.004888,0.004837,0.004411,0.004548,0.003678,0.003154,0.003309,0.003035,0.002663,0.002723,0.00278,0.002368,0.002792,0.003228,0.002872,0.003263,0.004289,0.00494,0.004453,0.004805,0.006527,0.006208,0.006809,0.007345,0.007445,0.007463,0.006358,0.006015,0.005759,0.004346,0.004605
0.004963,0.005735,0.005724,0.005379,0.005005,0.004243,0.004735,0.00432,0.004956,0.004457,0.004129,0.003213,0.003585,0.003406,0.003563,0.003895,0.004151,0.004063,0.003728,0.0035,0.003493,0.00355,0.003829,0.004563,0.003668,0.004036,0.004248,0.004304,0.005217,0.004882,0.004563,0.004715,0.003972,0.003595,0.003649,0.003591,0.002669,0.003153,0.003253,0.00235,0.002921,0.003545,0.002933,0.003199,0.004306,0.004437,0.004298,0.004603,0.006194,0.005395,0.006367,0.007087,0.007317,0.00724,0.006114,0.005819,0.005152,0.004619,0.004272
0.005026,0.005979,0.005902,0.005457,0.005225,0.00427,0.004759,0.00441,0.004457,0.003414,0.004302,0.003306,0.003437,0.003791,0.003605,0.003973,0.004355,0.004016,0.003719,0.00349,0.003613,0.003699,0.00442,0.004683,0.004081,0.003996,0.004401,0.004614,0.005938,0.005406,0.004659,0.005305,0.004717,0.004236,0.004205,0.003706,0.002922,0.003479,0.003162,0.002562,0.002973,0.003359,0.002855,0.003224,0.004526,0.004096,0.004142,0.004417,0.006139,0.005495,0.006667,0.007387,0.007126,0.007105,0.006253,0.005565,0.004985,0.004708,0.004449
0.004641,0.005587,0.005513,0.005567,0.005134,0.004856,0.005206,0.004434,0.004129,0.004302,0.004607,0.003565,0.003596,0.004335,0.003937,0.004535,0.004156,0.004441,0.003379,0.003305,0.003946,0.003636,0.003866,0.004095,0.003798,0.004087,0.003911,0.004408,0.005321,0.005527,0.005069,0.004967,0.004565,0.004402,0.00439,0.003966,0.003357,0.003488,0.003168,0.002814,0.003341,0.003276,0.002709,0.003126,0.004013,0.003889,0.002912,0.003594,0.005192,0.004417,0.005615,0.00632,0.006198,0.006166,0.005235,0.00472,0.004169,0.004156,0.004238
0.003902,0.004281,0.004772,0.003859,0.003371,0.002958,0.003386,0.002967,0.003213,0.003306,0.003565,0.002954,0.003099,0.003181,0.002798,0.003987,0.003707,0.003177,0.002729,0.002587,0.003475,0.003516,0.003839,0.004024,0.003952,0.004318,0.004285,0.004678,0.005103,0.005467,0.00503,0.005217,0.004426,0.004467,0.00434,0.004118,0.003788,0.004013,0.003358,0.003545,0.003962,0.003388,0.002939,0.003301,0.004355,0.003515,0.003461,0.003891,0.004996,0.004801,0.005842,0.006021,0.006208,0.006195,0.005699,0.005015,0.004785,0.004389,0.00462
0.003716,0.004009,0.004236,0.003614,0.003412,0.002844,0.002811,0.003087,0.003585,0.003437,0.003596,0.003099,0.003734,0.003846,0.003191,0.003651,0.003723,0.003434,0.003514,0.003416,0.004668,0.004405,0.004553,0.004427,0.004648,0.004743,0.004857,0.004385,0.004476,0.00485,0.004553,0.005025,0.004852,0.004819,0.004741,0.004355,0.005087,0.004515,0.004306,0.004614,0.004405,0.003906,0.003614,0.003432,0.004119,0.003331,0.002812,0.003199,0.004349,0.003972,0.005094,0.005213,0.005124,0.005712,0.005237,0.00475,0.004837,0.004243,0.003989
0.003446,0.003953,0.005307,0.004239,0.004472,0.004055,0.00366,0.003358,0.003406,0.003791,0.004335,0.003181,0.003846,0.003988,0.003107,0.003935,0.004033,0.003898,0.003614,0.003308,0.004027,0.003328,0.003795,0.003697,0.003291,0.003715,0.003887,0.004404,0.004908,0.005301,0.004805,0.005131,0.00447,0.003977,0.004266,0.004046,0.003752,0.003833,0.003427,0.003763,0.003723,0.00361,0.002993,0.002727,0.003845,0.003586,0.003206,0.003237,0.004629,0.004365,0.005572,0.005657,0.005316,0.005665,0.005133,0.004578,0.004539,0.004068,0.00384
0.003995,0.004148,0.005302,0.004542,0.0041,0.004356,0.004339,0.003617,0.003563,0.003605,0.003937,0.002798,0.003191,0.003107,0.00319,0.003568,0.003646,0.003388,0.002559,0.002555,0.00325,0.002967,0.003588,0.003473,0.002954,0.003579,0.003949,0.00405,0.005285,0.005422,0.005018,0.005071,0.005125,0.004787,0.004496,0.004152,0.00367,0.003815,0.003254,0.003321,0.003461,0.00364,0.003101,0.002742,0.003687,0.004121,0.00323,0.00341,0.005177,0.004483,0.005376,0.005671,0.005616,0.006021,0.005116,0.005001,0.004889,0.00403,0.004161
0.004414,0.005075,0.00571,0.005176,0.004744,0.004696,0.004556,0.004091,0.003895,0.003973,0.004535,0.003987,0.003651,0.003935,0.003568,0.004126,0.003853,0.003203,0.002837,0.002388,0.002953,0.002895,0.003619,0.003161,0.003035,0.003758,0.003133,0.003341,0.004251,0.004386,0.004348,0.004114,0.004208,0.00392,0.003693,0.003737,0.003332,0.003567,0.003388,0.00288,0.002813,0.003304,0.003039,0.002222,0.00347,0.003989,0.003397,0.00296,0.004847,0.004247,0.005505,0.006355,0.00623,0.006479,0.004972,0.005019,0.004733,0.003908,0.004093
0.004949,0.00536,0.005731,0.005278,0.005009,0.005165,0.004725,0.004348,0.004151,0.004355,0.004156,0.003707,0.003723,0.004033,0.003646,0.003853,0.004634,0.00329,0.003438,0.002249,0.002883,0.002785,0.002898,0.002996,0.002818,0.003628,0.003186,0.003715,0.004525,0.004377,0.004168,0.004355,0.004444,0.003916,0.003728,0.003608,0.003215,0.003295,0.00302,0.002855,0.002872,0.002646,0.002692,0.002362,0.002946,0.003522,0.002847,0.003389,0.004209,0.004197,0.005173,0.005975,0.006031,0.006035,0.00424,0.004542,0.004156,0.003576,0.004041
0.005206,0.005679,0.005131,0.005086,0.004566,0.00459,0.004839,0.004592,0.004063,0.004016,0.004441,0.003177,0.003434,0.003898,0.003388,0.003203,0.00329,0.002488,0.002035,0.002234,0.002485,0.003013,0.003237,0.002976,0.00262,0.002865,0.002674,0.003037,0.004266,0.004325,0.004228,0.004072,0.003927,0.004126,0.004069,0.00302,0.003681,0.004243,0.00324,0.002664,0.00355,0.003299,0.002856,0.002796,0.003473,0.003299,0.002935,0.003297,0.004351,0.00377,0.004496,0.005213,0.005232,0.005856,0.004092,0.004184,0.003914,0.003601,0.003689
0.00506,0.005542,0.00535,0.004814,0.004273,0.005118,0.004955,0.004201,0.003728,0.003719,0.003379,0.002729,0.003514,0.003614,0.002559,0.002837,0.003438,0.002035,0.002463,0.001814,0.002769,0.002951,0.002965,0.003246,0.002954,0.002988,0.003025,0.002868,0.003646,0.004102,0.004029,0.004039,0.003814,0.004014,0.003673,0.003064,0.003152,0.004447,0.003504,0.002607,0.003419,0.004026,0.003227,0.002797,0.003153,0.003303,0.003121,0.003011,0.004254,0.003365,0.004243,0.005121,0.004728,0.005607,0.00411,0.004225,0.003799,0.00372,0.004179
0.004797,0.005345,0.005169,0.004847,0.004404,0.004582,0.004561,0.004032,0.0035,0.00349,0.003305,0.002587,0.003416,0.003308,0.002555,0.002388,0.002249,0.002234,0.001814,0.002055,0.002562,0.002488,0.002762,0.002593,0.002743,0.002992,0.002886,0.003072,0.003114,0.003456,0.003772,0.003915,0.003938,0.004072,0.003911,0.002717,0.003398,0.004508,0.003197,0.002553,0.003597,0.004089,0.003044,0.002934,0.003407,0.003338,0.002822,0.003181,0.003986,0.003501,0.004218,0.004822,0.004913,0.005375,0.003906,0.003874,0.004144,0.00407,0.004046
0.004519,0.004957,0.004895,0.004735,0.004586,0.00505,0.004738,0.00404,0.003493,0.003613,0.003946,0.003475,0.004668,0.004027,0.00325,0.002953,0.002883,0.002485,0.002769,0.002562,0.003263,0.002803,0.003144,0.00317,0.002783,0.003401,0.003358,0.003552,0.003688,0.00384,0.00412,0.004304,0.004699,0.00483,0.004489,0.003564,0.003966,0.004616,0.003768,0.003202,0.004012,0.004185,0.002941,0.003461,0.004311,0.003853,0.002882,0.003853,0.004488,0.004365,0.004899,0.004905,0.004938,0.00521,0.004485,0.004144,0.005129,0.004437,0.003891
0.004934,0.005214,0.004828,0.004582,0.003948,0.004192,0.004501,0.004344,0.00355,0.003699,0.003636,0.003516,0.004405,0.003328,0.002967,0.002895,0.002785,0.003013,0.002951,0.002488,0.002803,0.002419,0.002625,0.002592,0.002574,0.003111,0.002964,0.003258,0.003349,0.003807,0.003732,0.003741,0.004313,0.004646,0.004083,0.003118,0.004031,0.004578,0.003557,0.003156,0.004057,0.003938,0.002809,0.003303,0.004343,0.00367,0.002935,0.003765,0.00409,0.004157,0.004394,0.00486,0.004903,0.00528,0.004862,0.004472,0.004279,0.004181,0.003781
0.005332,0.005803,0.005206,0.005065,0.004922,0.004588,0.004296,0.004396,0.003829,0.00442,0.003866,0.003839,0.004553,0.003795,0.003588,0.003619,0.002898,0.003237,0.002965,0.002762,0.003144,0.002625,0.002625,0.003015,0.003326,0.003169,0.002951,0.00321,0.003463,0.003335,0.00302,0.003288,0.003506,0.003859,0.003769,0.002699,0.00334,0.004105,0.002936,0.002376,0.003807,0.003398,0.002363,0.002679,0.003816,0.003584,0.002066,0.003178,0.003716,0.003932,0.004343,0.005021,0.005175,0.005811,0.004935,0.005215,0.00476,0.003962,0.003784
0.005158,0.005687,0.005755,0.005087,0.005144,0.00488,0.004653,0.004927,0.004563,0.004683,0.004095,0.004024,0.004427,0.003697,0.003473,0.003161,0.002996,0.002976,0.003246,0.002593,0.00317,0.002592,0.003015,0.003712,0.00342,0.003365,0.004071,0.003743,0.00392,0.003719,0.003642,0.003701,0.004023,0.004153,0.003849,0.003189,0.004158,0.003853,0.002909,0.003552,0.004066,0.003489,0.002845,0.003103,0.004161,0.004173,0.003079,0.003509,0.00411,0.003895,0.004521,0.00529,0.005364,0.006653,0.005264,0.004972,0.004666,0.00389,0.003906
0.00515,0.005363,0.005894,0.005225,0.005139,0.004431,0.004068,0.004155,0.003668,0.004081,0.003798,0.003952,0.004648,0.003291,0.002954,0.003035,0.002818,0.00262,0.002954,0.002743,0.002783,0.002574,0.003326,0.00342,0.003263,0.003674,0.003726,0.003848,0.003844,0.003808,0.003881,0.003749,0.003948,0.00403,0.003724,0.003298,0.004055,0.004084,0.003296,0.003491,0.003669,0.003301,0.002459,0.003178,0.003939,0.003648,0.003037,0.003601,0.004256,0.004128,0.004937,0.005289,0.005121,0.006241,0.005451,0.004841,0.004191,0.003973,0.004157
0.005192,0.005477,0.005557,0.006024,0.005149,0.00536,0.005096,0.004224,0.004036,0.003996,0.004087,0.004318,0.004743,0.003715,0.003579,0.003758,0.003628,0.002865,0.002988,0.002992,0.003401,0.003111,0.003169,0.003365,0.003674,0.003749,0.003645,0.003913,0.003394,0.003424,0.003486,0.003789,0.0042,0.00427,0.004235,0.003319,0.004252,0.004082,0.003474,0.004009,0.004256,0.003948,0.00361,0.004119,0.004898,0.004045,0.003826,0.004592,0.005242,0.004659,0.005699,0.005846,0.006093,0.00647,0.005367,0.004967,0.004247,0.00406,0.003974
0.004922,0.005304,0.005621,0.004945,0.00428,0.00412,0.004457,0.004338,0.004248,0.004401,0.003911,0.004285,0.004857,0.003887,0.003949,0.003133,0.003186,0.002674,0.003025,0.002886,0.003358,0.002964,0.002951,0.004071,0.003726,0.003645,0.004463,0.003884,0.003712,0.003748,0.00324,0.004294,0.004468,0.004345,0.003492,0.003252,0.004325,0.004126,0.003361,0.003551,0.004446,0.004271,0.003913,0.004722,0.005496,0.005353,0.004402,0.005206,0.005755,0.005333,0.005826,0.006026,0.005754,0.007078,0.005409,0.006078,0.00545,0.004971,0.004796
0.003955,0.004813,0.004603,0.004422,0.004137,0.004109,0.004195,0.004611,0.004304,0.004614,0.004408,0.004678,0.004385,0.004404,0.00405,0.003341,0.003715,0.003037,0.002868,0.003072,0.003552,0.003258,0.00321,0.003743,0.003848,0.003913,0.003884,0.00446,0.003771,0.003462,0.0038,0.004402,0.005033,0.004581,0.003884,0.00341,0.004392,0.004106,0.003202,0.003664,0.004307,0.003908,0.003244,0.004001,0.004248,0.004238,0.003977,0.003769,0.004487,0.003942,0.004135,0.004373,0.003834,0.005417,0.004741,0.004547,0.004661,0.004357,0.004041
0.00425,0.004815,0.005021,0.005298,0.005116,0.005254,0.005357,0.004888,0.005217,0.005938,0.005321,0.005103,0.004476,0.004908,0.005285,0.004251,0.004525,0.004266,0.003646,0.003114,0.003688,0.003349,0.003463,0.00392,0.003844,0.003394,0.003712,0.003771,0.003939,0.003345,0.00308,0.00418,0.004705,0.004676,0.004068,0.003694,0.004446,0.003829,0.003337,0.003421,0.004148,0.003902,0.002908,0.003628,0.004421,0.004372,0.003725,0.004179,0.004715,0.004461,0.004563,0.004409,0.004399,0.005281,0.005136,0.004899,0.004987,0.004774,0.004084
0.004016,0.004451,0.004683,0.004688,0.004602,0.004608,0.004743,0.004837,0.004882,0.005406,0.005527,0.005467,0.00485,0.005301,0.005422,0.004386,0.004377,0.004325,0.004102,0.003456,0.00384,0.003807,0.003335,0.003719,0.003808,0.003424,0.003748,0.003462,0.003345,0.003592,0.00393,0.004634,0.004913,0.004789,0.004217,0.003689,0.004627,0.003889,0.003797,0.00354,0.003895,0.004101,0.003441,0.00355,0.004147,0.004176,0.003794,0.003864,0.004008,0.004118,0.00413,0.003809,0.003749,0.004415,0.004819,0.004332,0.004829,0.004601,0.004102
0.003687,0.004056,0.004153,0.003707,0.003803,0.003838,0.003814,0.004411,0.004563,0.004659,0.005069,0.00503,0.004553,0.004805,0.005018,0.004348,0.004168,0.004228,0.004029,0.003772,0.00412,0.003732,0.00302,0.003642,0.003881,0.003486,0.00324,0.0038,0.00308,0.00393,0.005021,0.004373,0.005082,0.005085,0.004754,0.00403,0.004307,0.004098,0.004026,0.003955,0.003859,0.003929,0.003796,0.003938,0.00365,0.003792,0.003986,0.003621,0.003782,0.00347,0.003808,0.003547,0.003312,0.003785,0.004312,0.003884,0.003967,0.00392,0.003295
0.004094,0.004444,0.004535,0.004472,0.004231,0.004483,0.004399,0.004548,0.004715,0.005305,0.004967,0.005217,0.005025,0.005131,0.005071,0.004114,0.004355,0.004072,0.004039,0.003915,0.004304,0.003741,0.003288,0.003701,0.003749,0.003789,0.004294,0.004402,0.00418,0.004634,0.004373,0.004503,0.005089,0.004729,0.004141,0.00434,0.004668,0.004033,0.004255,0.00459,0.004106,0.004171,0.004013,0.004303,0.00433,0.004118,0.004014,0.00392,0.004003,0.003489,0.003668,0.003406,0.003337,0.00352,0.004344,0.004022,0.004242,0.004273,0.003798
0.003775,0.004155,0.003941,0.004032,0.004045,0.003683,0.003637,0.003678,0.003972,0.004717,0.004565,0.004426,0.004852,0.00447,0.005125,0.004208,0.004444,0.003927,0.003814,0.003938,0.004699,0.004313,0.003506,0.004023,0.003948,0.0042,0.004468,0.005033,0.004705,0.004913,0.005082,0.005089,0.005108,0.004812,0.004938,0.004936,0.005068,0.004796,0.004745,0.005012,0.00483,0.004442,0.004452,0.004999,0.004564,0.004023,0.003903,0.00418,0.003716,0.003353,0.003355,0.00308,0.002465,0.0029,0.004336,0.003428,0.00377,0.004231,0.003675
0.003581,0.003858,0.003438,0.003445,0.003514,0.003243,0.003031,0.003154,0.003595,0.004236,0.004402,0.004467,0.004819,0.003977,0.004787,0.00392,0.003916,0.004126,0.004014,0.004072,0.00483,0.004646,0.003859,0.004153,0.00403,0.00427,0.004345,0.004581,0.004676,0.004789,0.005085,0.004729,0.004812,0.004933,0.004958,0.004785,0.005181,0.005141,0.004754,0.005183,0.005033,0.004609,0.00456,0.005097,0.004527,0.003805,0.003885,0.004107,0.003336,0.002935,0.002894,0.002914,0.002243,0.002943,0.003933,0.003301,0.003707,0.00399,0.003732
0.003552,0.003868,0.003389,0.003252,0.00313,0.003265,0.002934,0.003309,0.003649,0.004205,0.00439,0.00434,0.004741,0.004266,0.004496,0.003693,0.003728,0.004069,0.003673,0.003911,0.004489,0.004083,0.003769,0.003849,0.003724,0.004235,0.003492,0.003884,0.004068,0.004217,0.004754,0.004141,0.004938,0.004958,0.004875,0.004606,0.004894,0.004561,0.004407,0.00505,0.004971,0.00405,0.004074,0.00483,0.003927,0.003771,0.003775,0.003652,0.003335,0.002646,0.002949,0.003041,0.002493,0.003409,0.003688,0.003544,0.003809,0.003863,0.003466
0.003765,0.004302,0.0039,0.003826,0.003871,0.003806,0.003277,0.003035,0.003591,0.003706,0.003966,0.004118,0.004355,0.004046,0.004152,0.003737,0.003608,0.00302,0.003064,0.002717,0.003564,0.003118,0.002699,0.003189,0.003298,0.003319,0.003252,0.00341,0.003694,0.003689,0.00403,0.00434,0.004936,0.004785,0.004606,0.003945,0.004719,0.004351,0.003604,0.004404,0.004243,0.003503,0.003862,0.004712,0.003432,0.003181,0.003916,0.004093,0.003583,0.003827,0.003577,0.003087,0.002598,0.003179,0.003825,0.003241,0.003533,0.003093,0.002979
0.003382,0.004047,0.003717,0.003678,0.003494,0.003012,0.00242,0.002663,0.002669,0.002922,0.003357,0.003788,0.005087,0.003752,0.00367,0.003332,0.003215,0.003681,0.003152,0.003398,0.003966,0.004031,0.00334,0.004158,0.004055,0.004252,0.004325,0.004392,0.004446,0.004627,0.004307,0.004668,0.005068,0.005181,0.004894,0.004719,0.005563,0.004826,0.004348,0.005096,0.004962,0.004184,0.00391,0.004767,0.003899,0.002958,0.003603,0.003619,0.002274,0.003202,0.002584,0.002378,0.001895,0.001714,0.002515,0.002171,0.002894,0.003448,0.003321
0.003496,0.003639,0.0033,0.002784,0.003003,0.002346,0.00238,0.002723,0.003153,0.003479,0.003488,0.004013,0.004515,0.003833,0.003815,0.003567,0.003295,0.004243,0.004447,0.004508,0.004616,0.004578,0.004105,0.003853,0.004084,0.004082,0.004126,0.004106,0.003829,0.003889,0.004098,0.004033,0.004796,0.005141,0.004561,0.004351,0.004826,0.004794,0.004136,0.004537,0.004609,0.004077,0.004019,0.003982,0.003755,0.003404,0.003917,0.003434,0.002398,0.003009,0.002461,0.002365,0.001856,0.002752,0.002639,0.002256,0.00284,0.003792,0.003694
0.003129,0.003523,0.003195,0.002241,0.002407,0.00231,0.002692,0.00278,0.003253,0.003162,0.003168,0.003358,0.004306,0.003427,0.003254,0.003388,0.00302,0.00324,0.003504,0.003197,0.003768,0.003557,0.002936,0.002909,0.003296,0.003474,0.003361,0.003202,0.003337,0.003797,0.004026,0.004255,0.004745,0.004754,0.004407,0.003604,0.004348,0.004136,0.003468,0.00355,0.003645,0.003038,0.003465,0.003545,0.002847,0.00275,0.00399,0.00344,0.002303,0.002867,0.002379,0.003247,0.002976,0.003716,0.003019,0.002934,0.003132,0.003437,0.00317
0.003424,0.004293,0.003339,0.003056,0.002549,0.002922,0.002302,0.002368,0.00235,0.002562,0.002814,0.003545,0.004614,0.003763,0.003321,0.00288,0.002855,0.002664,0.002607,0.002553,0.003202,0.003156,0.002376,0.003552,0.003491,0.004009,0.003551,0.003664,0.003421,0.00354,0.003955,0.00459,0.005012,0.005183,0.00505,0.004404,0.005096,0.004537,0.00355,0.004951,0.004606,0.003215,0.00408,0.004901,0.003374,0.002956,0.003799,0.003593,0.002501,0.00298,0.002497,0.002425,0.001895,0.002172,0.00241,0.002419,0.002768,0.003275,0.003148
0.003346,0.00373,0.003442,0.003004,0.002971,0.002038,0.002693,0.002792,0.002921,0.002973,0.003341,0.003962,0.004405,0.003723,0.003461,0.002813,0.002872,0.00355,0.003419,0.003597,0.004012,0.004057,0.003807,0.004066,0.003669,0.004256,0.004446,0.004307,0.004148,0.003895,0.003859,0.004106,0.00483,0.005033,0.004971,0.004243,0.004962,0.004609,0.003645,0.004606,0.004165,0.003329,0.003368,0.004004,0.003131,0.002753,0.0032,0.003045,0.002313,0.002724,0.002112,0.001771,0.001268,0.001329,0.001944,0.002076,0.002745,0.00335,0.003327
0.003172,0.003213,0.00336,0.003387,0.002973,0.002668,0.002922,0.003228,0.003545,0.003359,0.003276,0.003388,0.003906,0.00361,0.00364,0.003304,0.002646,0.003299,0.004026,0.004089,0.004185,0.003938,0.003398,0.003489,0.003301,0.003948,0.004271,0.003908,0.003902,0.004101,0.003929,0.004171,0.004442,0.004609,0.00405,0.003503,0.004184,0.004077,0.003038,0.003215,0.003329,0.002568,0.003295,0.003364,0.002576,0.002846,0.003346,0.003051,0.001936,0.002506,0.002309,0.002382,0.001793,0.002492,0.002348,0.002595,0.002944,0.003052,0.003267
0.002928,0.003745,0.003075,0.003001,0.002826,0.002833,0.003375,0.002872,0.002933,0.002855,0.002709,0.002939,0.003614,0.002993,0.003101,0.003039,0.002692,0.002856,0.003227,0.003044,0.002941,0.002809,0.002363,0.002845,0.002459,0.00361,0.003913,0.003244,0.002908,0.003441,0.003796,0.004013,0.004452,0.00456,0.004074,0.003862,0.00391,0.004019,0.003465,0.00408,0.003368,0.003295,0.003471,0.003436,0.002675,0.002649,0.003103,0.00284,0.002142,0.002586,0.002204,0.002436,0.002031,0.002378,0.00235,0.002539,0.002895,0.003051,0.002999
0.003379,0.003721,0.003335,0.002629,0.002268,0.002528,0.004026,0.003263,0.003199,0.003224,0.003126,0.003301,0.003432,0.002727,0.002742,0.002222,0.002362,0.002796,0.002797,0.002934,0.003461,0.003303,0.002679,0.003103,0.003178,0.004119,0.004722,0.004001,0.003628,0.00355,0.003938,0.004303,0.004999,0.005097,0.00483,0.004712,0.004767,0.003982,0.003545,0.004901,0.004004,0.003364,0.003436,0.004029,0.003141,0.002776,0.00283,0.003024,0.001984,0.002452,0.002067,0.001977,0.00155,0.001583,0.002146,0.002122,0.002675,0.003105,0.003359
0.003741,0.003861,0.004427,0.00438,0.004375,0.004873,0.005418,0.004289,0.004306,0.004526,0.004013,0.004355,0.004119,0.003845,0.003687,0.00347,0.002946,0.003473,0.003153,0.003407,0.004311,0.004343,0.003816,0.004161,0.003939,0.004898,0.005496,0.004248,0.004421,0.004147,0.00365,0.00433,0.004564,0.004527,0.003927,0.003432,0.003899,0.003755,0.002847,0.003374,0.003131,0.002576,0.002675,0.003141,0.002512,0.002361,0.00267,0.002281,0.001919,0.001955,0.002133,0.001891,0.001699,0.002444,0.002192,0.002553,0.002433,0.002963,0.003608
0.00417,0.004183,0.004998,0.005266,0.00499,0.00446,0.005416,0.00494,0.004437,0.004096,0.003889,0.003515,0.003331,0.003586,0.004121,0.003989,0.003522,0.003299,0.003303,0.003338,0.003853,0.00367,0.003584,0.004173,0.003648,0.004045,0.005353,0.004238,0.004372,0.004176,0.003792,0.004118,0.004023,0.003805,0.003771,0.003181,0.002958,0.003404,0.00275,0.002956,0.002753,0.002846,0.002649,0.002776,0.002361,0.002054,0.002599,0.002156,0.002096,0.002434,0.00247,0.002935,0.002537,0.003447,0.002407,0.003046,0.0029,0.002806,0.003522
0.003814,0.004394,0.004182,0.004191,0.004213,0.004459,0.004932,0.004453,0.004298,0.004142,0.002912,0.003461,0.002812,0.003206,0.00323,0.003397,0.002847,0.002935,0.003121,0.002822,0.002882,0.002935,0.002066,0.003079,0.003037,0.003826,0.004402,0.003977,0.003725,0.003794,0.003986,0.004014,0.003903,0.003885,0.003775,0.003916,0.003603,0.003917,0.00399,0.003799,0.0032,0.003346,0.003103,0.00283,0.00267,0.002599,0.001928,0.002077,0.002233,0.002091,0.002509,0.002525,0.002432,0.002477,0.00222,0.002462,0.002794,0.003188,0.003475
0.003913,0.004298,0.004356,0.00436,0.004295,0.00487,0.005575,0.004805,0.004603,0.004417,0.003594,0.003891,0.003199,0.003237,0.00341,0.00296,0.003389,0.003297,0.003011,0.003181,0.003853,0.003765,0.003178,0.003509,0.003601,0.004592,0.005206,0.003769,0.004179,0.003864,0.003621,0.00392,0.00418,0.004107,0.003652,0.004093,0.003619,0.003434,0.00344,0.003593,0.003045,0.003051,0.00284,0.003024,0.002281,0.002156,0.002077,0.002439,0.001898,0.002112,0.00197,0.002445,0.002077,0.002465,0.002031,0.00267,0.002758,0.002884,0.003657
0.004769,0.005208,0.005818,0.006371,0.006389,0.007039,0.007182,0.006527,0.006194,0.006139,0.005192,0.004996,0.004349,0.004629,0.005177,0.004847,0.004209,0.004351,0.004254,0.003986,0.004488,0.00409,0.003716,0.00411,0.004256,0.005242,0.005755,0.004487,0.004715,0.004008,0.003782,0.004003,0.003716,0.003336,0.003335,0.003583,0.002274,0.002398,0.002303,0.002501,0.002313,0.001936,0.002142,0.001984,0.001919,0.002096,0.002233,0.001898,0.002382,0.002523,0.002595,0.002701,0.002642,0.003309,0.002091,0.00299,0.002562,0.00275,0.003942
0.004487,0.004939,0.00537,0.005625,0.005165,0.006048,0.006841,0.006208,0.005395,0.005495,0.004417,0.004801,0.003972,0.004365,0.004483,0.004247,0.004197,0.00377,0.003365,0.003501,0.004365,0.004157,0.003932,0.003895,0.004128,0.004659,0.005333,0.003942,0.004461,0.004118,0.00347,0.003489,0.003353,0.002935,0.002646,0.003827,0.003202,0.003009,0.002867,0.00298,0.002724,0.002506,0.002586,0.002452,0.001955,0.002434,0.002091,0.002112,0.002523,0.001996,0.002375,0.002589,0.002503,0.003266,0.002405,0.00298,0.003092,0.003002,0.003512
0.00556,0.005774,0.005812,0.006645,0.006598,0.007247,0.007561,0.006809,0.006367,0.006667,0.005615,0.005842,0.005094,0.005572,0.005376,0.005505,0.005173,0.004496,0.004243,0.004218,0.004899,0.004394,0.004343,0.004521,0.004937,0.005699,0.005826,0.004135,0.004563,0.00413,0.003808,0.003668,0.003355,0.002894,0.002949,0.003577,0.002584,0.002461,0.002379,0.002497,0.002112,0.002309,0.002204,0.002067,0.002133,0.00247,0.002509,0.00197,0.002595,0.002375,0.002212,0.002314,0.002867,0.003274,0.00227,0.002982,0.002991,0.002986,0.003877
0.005597,0.00626,0.006232,0.006854,0.006913,0.007608,0.008045,0.007345,0.007087,0.007387,0.00632,0.006021,0.005213,0.005657,0.005671,0.006355,0.005975,0.005213,0.005121,0.004822,0.004905,0.00486,0.005021,0.00529,0.005289,0.005846,0.006026,0.004373,0.004409,0.003809,0.003547,0.003406,0.00308,0.002914,0.003041,0.003087,0.002378,0.002365,0.003247,0.002425,0.001771,0.002382,0.002436,0.001977,0.001891,0.002935,0.002525,0.002445,0.002701,0.002589,0.002314,0.002369,0.003008,0.003612,0.002702,0.003766,0.003338,0.003188,0.003771
0.005984,0.006447,0.006211,0.007422,0.00765,0.007699,0.007973,0.007445,0.007317,0.007126,0.006198,0.006208,0.005124,0.005316,0.005616,0.00623,0.006031,0.005232,0.004728,0.004913,0.004938,0.004903,0.005175,0.005364,0.005121,0.006093,0.005754,0.003834,0.004399,0.003749,0.003312,0.003337,0.002465,0.002243,0.002493,0.002598,0.001895,0.001856,0.002976,0.001895,0.001268,0.001793,0.002031,0.00155,0.001699,0.002537,0.002432,0.002077,0.002642,0.002503,0.002867,0.003008,0.002871,0.003684,0.002309,0.002971,0.003061,0.003035,0.003497
0.006787,0.00709,0.006669,0.00743,0.007526,0.00731,0.007616,0.007463,0.00724,0.007105,0.006166,0.006195,0.005712,0.005665,0.006021,0.006479,0.006035,0.005856,0.005607,0.005375,0.00521,0.00528,0.005811,0.006653,0.006241,0.00647,0.007078,0.005417,0.005281,0.004415,0.003785,0.00352,0.0029,0.002943,0.003409,0.003179,0.001714,0.002752,0.003716,0.002172,0.001329,0.002492,0.002378,0.001583,0.002444,0.003447,0.002477,0.002465,0.003309,0.003266,0.003274,0.003612,0.003684,0.003979,0.003942,0.00395,0.003932,0.003675,0.004137
0.004883,0.005531,0.005438,0.006213,0.006868,0.007042,0.007042,0.006358,0.006114,0.006253,0.005235,0.005699,0.005237,0.005133,0.005116,0.004972,0.00424,0.004092,0.00411,0.003906,0.004485,0.004862,0.004935,0.005264,0.005451,0.005367,0.005409,0.004741,0.005136,0.004819,0.004312,0.004344,0.004336,0.003933,0.003688,0.003825,0.002515,0.002639,0.003019,0.00241,0.001944,0.002348,0.00235,0.002146,0.002192,0.002407,0.00222,0.002031,0.002091,0.002405,0.00227,0.002702,0.002309,0.003942,0.002339,0.003447,0.002936,0.00343,0.003636
0.005492,0.005428,0.005883,0.005971,0.006024,0.006249,0.00606,0.006015,0.005819,0.005565,0.00472,0.005015,0.00475,0.004578,0.005001,0.005019,0.004542,0.004184,0.004225,0.003874,0.004144,0.004472,0.005215,0.004972,0.004841,0.004967,0.006078,0.004547,0.004899,0.004332,0.003884,0.004022,0.003428,0.003301,0.003544,0.003241,0.002171,0.002256,0.002934,0.002419,0.002076,0.002595,0.002539,0.002122,0.002553,0.003046,0.002462,0.00267,0.00299,0.00298,0.002982,0.003766,0.002971,0.00395,0.003447,0.004046,0.004022,0.003569,0.00386
0.004972,0.004527,0.005139,0.005375,0.005922,0.00561,0.005907,0.005759,0.005152,0.004985,0.004169,0.004785,0.004837,0.004539,0.004889,0.004733,0.004156,0.003914,0.003799,0.004144,0.005129,0.004279,0.00476,0.004666,0.004191,0.004247,0.00545,0.004661,0.004987,0.004829,0.003967,0.004242,0.00377,0.003707,0.003809,0.003533,0.002894,0.00284,0.003132,0.002768,0.002745,0.002944,0.002895,0.002675,0.002433,0.0029,0.002794,0.002758,0.002562,0.003092,0.002991,0.003338,0.003061,0.003932,0.002936,0.004022,0.00346,0.003535,0.003916
0.004078,0.003956,0.003985,0.003931,0.00426,0.004624,0.004772,0.004346,0.004619,0.004708,0.004156,0.004389,0.004243,0.004068,0.00403,0.003908,0.003576,0.003601,0.00372,0.00407,0.004437,0.004181,0.003962,0.00389,0.003973,0.00406,0.004971,0.004357,0.004774,0.004601,0.00392,0.004273,0.004231,0.00399,0.003863,0.003093,0.003448,0.003792,0.003437,0.003275,0.00335,0.003052,0.003051,0.003105,0.002963,0.002806,0.003188,0.002884,0.00275,0.003002,0.002986,0.003188,0.003035,0.003675,0.00343,0.003569,0.003535,0.003598,0.003724
0.004457,0.0044,0.004328,0.004886,0.004739,0.004882,0.004828,0.004605,0.004272,0.004449,0.004238,0.00462,0.003989,0.00384,0.004161,0.004093,0.004041,0.003689,0.004179,0.004046,0.003891,0.003781,0.003784,0.003906,0.004157,0.003974,0.004796,0.004041,0.004084,0.004102,0.003295,0.003798,0.003675,0.003732,0.003466,0.002979,0.003321,0.003694,0.00317,0.003148,0.003327,0.003267,0.002999,0.003359,0.003608,0.003522,0.003475,0.003657,0.003942,0.003512,0.003877,0.003771,0.003497,0.004137,0.003636,0.00386,0.003916,0.003724,0.003652
