0.001899,0.001529,3.4e-06,0.0008329,3.272e-05,0.0003497,4.25e-07,4.25e-07,0,0,0,0.0007428,2.252e-05,0.0007938,2.125e-05,0,0,0,0,7.734e-05,1.36e-05,1.997e-05,6.714e-05,1.19e-05
0.001751,3.4e-06,2.55e-06,0.0008117,6.374e-06,1.7e-06,8.499e-07,0,0,4.25e-07,2.507e-05,0.0007764,0.0001819,0.0003119,1.105e-05,0.001021,1.572e-05,0,0,0.0003684,0.0003944,0.0001147,1.912e-05,0.0002822
0.0003952,0.0008329,0.0008117,0,3.782e-05,4.25e-07,9.349e-06,0,0,0,4.25e-07,1.275e-06,0.000116,0.0004598,7.607e-05,0,0,0,0,2.125e-05,0.0006855,1.147e-05,0,0.0002635
4.414e-05,3.272e-05,6.374e-06,3.782e-05,0.0003612,0,2.55e-05,0,0,1.275e-06,0,5.312e-05,0.0003633,7.097e-05,7.819e-05,0.0005189,0,0,0,0,0.0002698,0,0.0002116,0
0,0.0003497,1.7e-06,4.25e-07,0,0,0,0,0,0,0,0,8.499e-07,0,1.275e-06,0.0002333,1.487e-05,8.499e-07,0,0,0,0,0,0
6.747e-05,4.25e-07,8.499e-07,9.349e-06,2.55e-05,0,0,0,0,0,0,0,0,0,0,0.0007785,0,0,0,0,0,0,0,0
0,4.25e-07,0,0,0,0,0,0,0,0,4.25e-07,0,0,0,0,0.0001126,0,0.0001513,0,9.859e-05,0,0.0001262,0,0
2.915e-06,0,0,0,0,0,0,0,0,0,0,0,7.649e-06,0.0005788,0,0.0004564,0,3.06e-05,0,0,8.499e-07,0,0,0
0,0,4.25e-07,0,1.275e-06,0,0,0,0,0,0,0,0,0,0,0,0,0,0,0,0,0,0,0
0.0003119,0,2.507e-05,4.25e-07,0,0,0,4.25e-07,0,0,1.7e-06,0,6.247e-05,0,0,0,1.827e-05,0,0,0,0,0,0,0
0,0.0007428,0.0007764,1.275e-06,5.312e-05,0,0,0,0,0,0,0,0,0,0.0005486,3.23e-05,0,0,0,0.0006306,0,0,4.887e-05,0.0001313
1.666e-06,2.252e-05,0.0001819,0.000116,0.0003633,8.499e-07,0,0,7.649e-06,0,6.247e-05,0,2.55e-06,3.825e-06,0.0005996,0.0007836,0.0005048,0,1.7e-06,0.0008189,0,0,0.0003591,0.0003536
0.001141,0.0007938,0.0003119,0.0004598,7.097e-05,0,0,0,0.0005788,0,0,0,3.825e-06,0.0001351,0.0006098,4.42e-05,0.0006107,0.0005371,0,8.499e-07,0,0,3.995e-05,1.062e-05
8.246e-05,2.125e-05,1.105e-05,7.607e-05,7.819e-05,1.275e-06,0,0,0,0,0,0.0005486,0.0005996,0.0006098,1.275e-05,0.00119,0,0,0,0.0004288,0,4.25e-06,8.414e-05,4.165e-05
0.0007242,0,0.001021,0,0.0005189,0.0002333,0.0007785,0.0001126,0.0004564,0,0,3.23e-05,0.0007836,4.42e-05,0.00119,0.0001173,0.0005176,0,0,8.499e-06,0.000357,7.649e-06,5.694e-05,0.000173
0,0,1.572e-05,0,0,1.487e-05,0,0,0,0,1.827e-05,0,0.0005048,0.0006107,0,0.0005176,0,0,0,7.352e-05,0,0,0,0
0,0,0,0,0,8.499e-07,0,0.0001513,3.06e-05,0,0,0,0,0.0005371,0,0,0,0,0.000167,0.0005006,0,5.312e-05,0,0
9.995e-06,0,0,0,0,0,0,0,0,0,0,0,1.7e-06,0,0,0,0,0.000167,0,0,7.649e-06,0,0,0
0.0004023,7.734e-05,0.0003684,2.125e-05,0,0,0,9.859e-05,0,0,0,0.0006306,0.0008189,8.499e-07,0.0004288,8.499e-06,7.352e-05,0.0005006,0,0,4.25e-07,0,0,0.0001283
0,1.36e-05,0.0003944,0.0006855,0.0002698,0,0,0,8.499e-07,0,0,0,0,0,0,0.000357,0,0,7.649e-06,4.25e-07,0,0,0,0
0.0002794,1.997e-05,0.0001147,1.147e-05,0,0,0,0.0001262,0,0,0,0,0,0,4.25e-06,7.649e-06,0,5.312e-05,0,0,0,0,0,0
0,6.714e-05,1.912e-05,0,0.0002116,0,0,0,0,0,0,4.887e-05,0.0003591,3.995e-05,8.414e-05,5.694e-05,0,0,0,0,0,0,0,0
0.0002199,1.19e-05,0.0002822,0.0002635,0,0,0,0,0,0,0,0.0001313,0.0003536,1.062e-05,4.165e-05,0.000173,0,0,0,0.0001283,0,0,0,0
0,0.001937,0.001786,0.0001334,4.462e-05,0,6.884e-05,0,0,0,0,0,1.7e-06,0.001164,8.414e-05,0.000739,0,0,1.02e-05,0.0004105,0,0.0002851,0,0.0002244
